0 0.463866 0.494966 0.463866 0.496644 0.465546 0.498322 0.468908 0.498322 0.468908 0.496644 0.467227 0.494966
0 0.354622 0.486577 0.354622 0.488255 0.356303 0.489933 0.357983 0.489933 0.359664 0.491611 0.364706 0.491611 0.366387 0.493289 0.374790 0.493289 0.374790 0.491611 0.373109 0.491611 0.368067 0.486577 0.369748 0.484899 0.369748 0.483221 0.366387 0.483221 0.366387 0.484899 0.364706 0.486577 0.361345 0.483221 0.359664 0.483221 0.357983 0.484899 0.356303 0.484899
0 0.381513 0.473154 0.381513 0.474832 0.383193 0.476510 0.381513 0.478188 0.381513 0.479866 0.386555 0.479866 0.386555 0.478188 0.384874 0.476510 0.384874 0.473154
0 0.376471 0.471477 0.376471 0.476510 0.378151 0.476510 0.378151 0.471477
0 0.364706 0.471477 0.364706 0.476510 0.363025 0.478188 0.363025 0.479866 0.364706 0.479866 0.366387 0.478188 0.366387 0.476510 0.368067 0.474832 0.369748 0.476510 0.369748 0.478188 0.371429 0.478188 0.371429 0.476510 0.373109 0.474832 0.373109 0.473154 0.369748 0.473154 0.368067 0.471477
0 0.352941 0.466443 0.352941 0.469799 0.357983 0.469799 0.359664 0.468121 0.363025 0.468121 0.363025 0.466443
0 0.551261 0.466443 0.549580 0.464765 0.546218 0.464765 0.544538 0.466443 0.546218 0.469799 0.544538 0.471477 0.536134 0.473154 0.536134 0.474832 0.539496 0.476510 0.534454 0.481544 0.531092 0.481544 0.526050 0.488255 0.519328 0.488255 0.517647 0.486577 0.510924 0.484899 0.507563 0.486577 0.505882 0.489933 0.504202 0.488255 0.500840 0.488255 0.499160 0.484899 0.494118 0.484899 0.494118 0.493289 0.495798 0.494966 0.499160 0.493289 0.504202 0.493289 0.507563 0.494966 0.509244 0.493289 0.512605 0.493289 0.512605 0.491611 0.517647 0.488255 0.521008 0.489933 0.522689 0.493289 0.526050 0.491611 0.527731 0.493289 0.532773 0.493289 0.534454 0.488255 0.537815 0.484899 0.539496 0.484899 0.542857 0.478188 0.546218 0.476510 0.546218 0.473154 0.549580 0.471477
0 0.512605 0.458054 0.514286 0.458054 0.517647 0.461409 0.515966 0.463087 0.514286 0.463087 0.514286 0.466443 0.515966 0.468121 0.515966 0.469799 0.517647 0.469799 0.517647 0.468121 0.515966 0.466443 0.515966 0.464765 0.517647 0.463087 0.522689 0.463087 0.522689 0.461409 0.524370 0.459732 0.526050 0.459732 0.527731 0.461409 0.527731 0.463087 0.532773 0.463087 0.532773 0.461409 0.534454 0.459732 0.536134 0.459732 0.536134 0.456376 0.529412 0.456376 0.529412 0.459732 0.527731 0.461409 0.526050 0.459732 0.526050 0.458054 0.522689 0.458054 0.521008 0.456376 0.515966 0.456376 0.514286 0.458054
0 0.406723 0.427852 0.405042 0.427852 0.403361 0.429530 0.403361 0.431208 0.405042 0.431208 0.406723 0.429530
0 0.337815 0.412752 0.334454 0.412752 0.334454 0.414430 0.332773 0.416107 0.327731 0.416107 0.327731 0.417785 0.331092 0.421141 0.334454 0.421141 0.336134 0.419463 0.337815 0.419463
0 0.242017 0.369128 0.242017 0.372483 0.247059 0.372483 0.247059 0.369128
0 0.235294 0.355705 0.235294 0.357383 0.236975 0.359060 0.236975 0.360738 0.242017 0.360738 0.240336 0.359060 0.242017 0.357383 0.243697 0.357383 0.243697 0.355705 0.242017 0.355705 0.240336 0.357383 0.238655 0.357383 0.236975 0.355705
0 0.282353 0.354027 0.280672 0.354027 0.278992 0.352349 0.277311 0.352349 0.277311 0.354027 0.275630 0.355705 0.273950 0.355705 0.272269 0.357383 0.270588 0.357383 0.270588 0.362416 0.268908 0.364094 0.268908 0.365772 0.270588 0.367450 0.267227 0.370805 0.267227 0.372483 0.265546 0.374161 0.260504 0.374161 0.260504 0.375839 0.267227 0.375839 0.268908 0.374161 0.270588 0.374161 0.275630 0.369128 0.275630 0.365772 0.272269 0.362416 0.273950 0.360738 0.275630 0.360738 0.277311 0.359060 0.280672 0.359060 0.280672 0.357383 0.282353 0.355705
0 0.223529 0.352349 0.223529 0.354027 0.226891 0.354027 0.228571 0.355705 0.226891 0.357383 0.226891 0.359060 0.228571 0.359060 0.230252 0.360738 0.231933 0.360738 0.231933 0.359060 0.230252 0.357383 0.231933 0.355705 0.231933 0.354027 0.228571 0.354027 0.226891 0.352349
0 0.235294 0.350671 0.235294 0.352349 0.240336 0.352349 0.240336 0.350671
0 0.225210 0.342282 0.225210 0.348993 0.230252 0.348993 0.230252 0.347315 0.231933 0.345638 0.231933 0.342282 0.230252 0.342282 0.228571 0.343960 0.226891 0.342282
0 0.290756 0.342282 0.287395 0.342282 0.285714 0.340604 0.284034 0.340604 0.282353 0.342282 0.280672 0.342282 0.280672 0.343960 0.282353 0.345638 0.282353 0.348993 0.285714 0.348993 0.289076 0.345638 0.290756 0.345638
0 0.200000 0.340604 0.200000 0.345638 0.205042 0.345638 0.205042 0.342282 0.206723 0.340604 0.208403 0.342282 0.208403 0.343960 0.210084 0.343960 0.211765 0.342282 0.213445 0.343960 0.213445 0.345638 0.215126 0.345638 0.215126 0.343960 0.213445 0.343960 0.211765 0.342282 0.211765 0.340604 0.210084 0.340604 0.208403 0.338926 0.203361 0.338926 0.201681 0.340604
0 0.273950 0.335570 0.273950 0.337248 0.272269 0.338926 0.273950 0.338926 0.275630 0.340604 0.277311 0.340604 0.278992 0.338926 0.278992 0.337248 0.277311 0.335570
0 0.231933 0.335570 0.231933 0.337248 0.235294 0.337248 0.235294 0.335570
0 0.314286 0.328859 0.309244 0.328859 0.307563 0.330537 0.305882 0.330537 0.305882 0.333893 0.307563 0.335570 0.305882 0.337248 0.305882 0.342282 0.307563 0.343960 0.307563 0.345638 0.309244 0.345638 0.309244 0.343960 0.310924 0.342282 0.312605 0.342282 0.312605 0.340604 0.310924 0.340604 0.309244 0.338926 0.309244 0.333893 0.310924 0.332215 0.312605 0.332215 0.314286 0.330537
0 0.268908 0.323826 0.268908 0.327181 0.272269 0.327181 0.272269 0.325503 0.270588 0.323826
0 0.262185 0.323826 0.262185 0.325503 0.263866 0.327181 0.265546 0.327181 0.265546 0.325503 0.263866 0.323826
0 0.366387 0.327181 0.361345 0.327181 0.361345 0.328859 0.359664 0.330537 0.354622 0.330537 0.352941 0.328859 0.349580 0.328859 0.347899 0.327181 0.346218 0.327181 0.339496 0.322148 0.336134 0.322148 0.336134 0.327181 0.337815 0.327181 0.339496 0.328859 0.337815 0.330537 0.337815 0.335570 0.336134 0.337248 0.331092 0.337248 0.326050 0.342282 0.321008 0.343960 0.321008 0.345638 0.319328 0.347315 0.317647 0.347315 0.317647 0.348993 0.326050 0.348993 0.326050 0.345638 0.329412 0.342282 0.331092 0.342282 0.331092 0.340604 0.332773 0.338926 0.334454 0.340604 0.339496 0.340604 0.344538 0.333893 0.361345 0.333893 0.366387 0.328859
0 0.300840 0.320470 0.300840 0.322148 0.302521 0.322148 0.304202 0.323826 0.304202 0.325503 0.307563 0.325503 0.307563 0.323826 0.305882 0.323826 0.304202 0.322148 0.304202 0.320470
0 0.258824 0.317114 0.257143 0.315436 0.255462 0.315436 0.252101 0.318792 0.250420 0.318792 0.248739 0.320470 0.248739 0.322148 0.252101 0.322148 0.253782 0.320470 0.258824 0.320470
0 0.305882 0.303691 0.305882 0.305369 0.309244 0.308725 0.309244 0.312081 0.312605 0.312081 0.312605 0.310403 0.314286 0.308725 0.315966 0.308725 0.315966 0.307047 0.312605 0.307047 0.309244 0.303691
0 0.231933 0.290268 0.226891 0.290268 0.225210 0.291946 0.223529 0.291946 0.221849 0.293624 0.216807 0.293624 0.216807 0.295302 0.218487 0.295302 0.220168 0.293624 0.221849 0.293624 0.223529 0.295302 0.231933 0.295302
0 0.391597 0.246644 0.391597 0.250000 0.393277 0.251678 0.393277 0.253356 0.394958 0.253356 0.396639 0.255034 0.394958 0.256711 0.394958 0.258389 0.398319 0.258389 0.400000 0.260067 0.410084 0.260067 0.410084 0.258389 0.411765 0.256711 0.413445 0.256711 0.413445 0.253356 0.411765 0.253356 0.410084 0.255034 0.408403 0.255034 0.406723 0.256711 0.405042 0.256711 0.403361 0.258389 0.400000 0.258389 0.398319 0.256711 0.398319 0.255034 0.400000 0.253356 0.400000 0.248322 0.396639 0.248322 0.394958 0.246644
0 0.405042 0.224832 0.401681 0.224832 0.400000 0.226510 0.396639 0.226510 0.396639 0.231544 0.398319 0.233221 0.398319 0.238255 0.396639 0.239933 0.396639 0.243289 0.398319 0.243289 0.400000 0.241611 0.403361 0.241611 0.405042 0.239933 0.406723 0.239933 0.408403 0.238255 0.410084 0.238255 0.410084 0.236577 0.408403 0.234899 0.406723 0.234899 0.405042 0.236577 0.403361 0.234899 0.401681 0.234899 0.400000 0.233221 0.403361 0.229866 0.405042 0.229866
0 0.475630 0.219799 0.475630 0.229866 0.477311 0.231544 0.478992 0.231544 0.480672 0.233221 0.482353 0.233221 0.484034 0.231544 0.485714 0.231544 0.485714 0.229866 0.487395 0.228188 0.489076 0.228188 0.489076 0.226510 0.490756 0.224832 0.494118 0.224832 0.495798 0.226510 0.499160 0.226510 0.499160 0.224832 0.497479 0.223154 0.497479 0.221477 0.492437 0.221477 0.489076 0.224832 0.487395 0.224832 0.485714 0.223154 0.484034 0.223154 0.482353 0.221477 0.482353 0.219799
0 0.379832 0.219799 0.379832 0.223154 0.381513 0.224832 0.381513 0.226510 0.383193 0.228188 0.383193 0.229866 0.384874 0.229866 0.384874 0.228188 0.383193 0.226510 0.384874 0.224832 0.384874 0.221477 0.383193 0.219799
0 0.389916 0.218121 0.389916 0.223154 0.391597 0.224832 0.393277 0.224832 0.394958 0.223154 0.394958 0.218121
0 0.484034 0.209732 0.484034 0.213087 0.487395 0.213087 0.489076 0.214765 0.492437 0.214765 0.494118 0.216443 0.494118 0.218121 0.495798 0.218121 0.495798 0.213087 0.490756 0.213087 0.487395 0.209732
0 0.465546 0.206376 0.465546 0.208054 0.467227 0.209732 0.468908 0.209732 0.468908 0.206376 0.470588 0.204698 0.472269 0.204698 0.473950 0.206376 0.472269 0.208054 0.472269 0.209732 0.473950 0.209732 0.475630 0.211409 0.478992 0.211409 0.480672 0.209732 0.480672 0.208054 0.478992 0.206376 0.478992 0.204698 0.475630 0.204698 0.473950 0.206376 0.472269 0.204698 0.472269 0.203020 0.468908 0.203020
0 0.478992 0.196309 0.478992 0.197987 0.480672 0.197987 0.484034 0.201342 0.485714 0.201342 0.485714 0.199664 0.482353 0.199664 0.480672 0.197987 0.480672 0.196309
0 0.426891 0.161074 0.426891 0.162752 0.431933 0.162752 0.431933 0.161074
0 0.408403 0.151007 0.408403 0.152685 0.411765 0.152685 0.413445 0.154362 0.413445 0.156040 0.415126 0.156040 0.415126 0.154362 0.413445 0.154362 0.411765 0.152685 0.411765 0.151007
0 0.400000 0.151007 0.400000 0.154362 0.398319 0.156040 0.398319 0.157718 0.400000 0.157718 0.401681 0.159396 0.403361 0.159396 0.403361 0.157718 0.401681 0.156040 0.403361 0.154362 0.405042 0.154362 0.405042 0.152685 0.403361 0.151007
0 0.499160 0.149329 0.495798 0.149329 0.495798 0.151007 0.494118 0.152685 0.494118 0.154362 0.492437 0.156040 0.490756 0.156040 0.489076 0.157718 0.489076 0.159396 0.487395 0.161074 0.485714 0.159396 0.485714 0.157718 0.484034 0.157718 0.480672 0.154362 0.478992 0.154362 0.477311 0.156040 0.475630 0.156040 0.475630 0.157718 0.477311 0.159396 0.480672 0.159396 0.482353 0.161074 0.482353 0.164430 0.484034 0.166107 0.485714 0.166107 0.487395 0.164430 0.487395 0.161074 0.489076 0.159396 0.492437 0.159396 0.494118 0.157718 0.494118 0.156040 0.495798 0.154362 0.497479 0.154362 0.497479 0.152685 0.499160 0.151007
0 0.063866 0.104027 0.062185 0.104027 0.062185 0.107383 0.060504 0.109060 0.055462 0.109060 0.055462 0.110738 0.052101 0.114094 0.050420 0.114094 0.050420 0.115772 0.052101 0.115772 0.053782 0.117450 0.055462 0.117450 0.058824 0.120805 0.057143 0.122483 0.057143 0.124161 0.055462 0.125839 0.055462 0.127517 0.058824 0.127517 0.058824 0.125839 0.060504 0.124161 0.060504 0.122483 0.062185 0.120805 0.062185 0.119128 0.060504 0.117450 0.057143 0.117450 0.055462 0.115772 0.058824 0.112416 0.062185 0.112416 0.063866 0.110738 0.065546 0.110738 0.065546 0.109060 0.063866 0.107383
0 0.084034 0.080537 0.078992 0.080537 0.077311 0.082215 0.075630 0.082215 0.075630 0.083893 0.073950 0.085570 0.073950 0.087248 0.080672 0.087248 0.082353 0.085570 0.084034 0.085570
0 0.077311 0.072148 0.077311 0.075503 0.080672 0.075503 0.080672 0.072148
0 0.001681 0.052013 0.001681 0.053691 0.006723 0.053691 0.006723 0.052013
0 0.006723 0.045302 0.006723 0.048658 0.011765 0.048658 0.011765 0.046980 0.010084 0.045302
0 0.048739 0.041946 0.048739 0.043624 0.050420 0.043624 0.052101 0.045302 0.053782 0.045302 0.055462 0.046980 0.055462 0.048658 0.057143 0.048658 0.058824 0.050336 0.060504 0.050336 0.060504 0.048658 0.057143 0.045302 0.057143 0.043624 0.055462 0.043624 0.053782 0.041946
0 0.087395 0.038591 0.087395 0.040268 0.089076 0.041946 0.090756 0.041946 0.092437 0.040268 0.092437 0.038591
0 0.115966 0.036913 0.115966 0.038591 0.121008 0.038591 0.121008 0.036913
0 0.077311 0.036913 0.075630 0.036913 0.073950 0.038591 0.073950 0.040268 0.075630 0.040268 0.077311 0.038591
0 0.062185 0.035235 0.062185 0.038591 0.063866 0.040268 0.063866 0.043624 0.065546 0.043624 0.065546 0.041946 0.068908 0.038591 0.070588 0.038591 0.070588 0.036913 0.068908 0.036913 0.067227 0.035235