0 0.789562 0.964765 0.787879 0.964765 0.786195 0.963087 0.782828 0.963087 0.781145 0.964765 0.779461 0.964765 0.779461 0.968121 0.777778 0.969799 0.777778 0.971477 0.779461 0.973154 0.781145 0.973154 0.782828 0.971477 0.784512 0.971477 0.784512 0.969799 0.787879 0.966443 0.789562 0.966443
0 0.691919 0.807047 0.691919 0.808725 0.695286 0.808725 0.695286 0.807047
0 0.659933 0.697987 0.659933 0.699664 0.666667 0.699664 0.666667 0.697987
0 0.651515 0.697987 0.651515 0.699664 0.656566 0.699664 0.656566 0.697987
0 0.707071 0.686242 0.702020 0.686242 0.702020 0.687919 0.700337 0.689597 0.696970 0.689597 0.696970 0.691275 0.700337 0.691275 0.700337 0.689597 0.702020 0.687919 0.707071 0.687919
0 0.728956 0.686242 0.728956 0.689597 0.730640 0.691275 0.732323 0.691275 0.734007 0.692953 0.739057 0.692953 0.739057 0.691275 0.737374 0.689597 0.737374 0.686242 0.734007 0.686242 0.732323 0.684564 0.730640 0.684564
0 0.707071 0.674497 0.707071 0.676174 0.710438 0.676174 0.710438 0.674497
0 0.590909 0.667785 0.590909 0.669463 0.594276 0.669463 0.594276 0.667785
0 0.606061 0.659396 0.606061 0.661074 0.609428 0.661074 0.609428 0.659396
0 0.708754 0.649329 0.708754 0.654362 0.710438 0.654362 0.712121 0.652685 0.712121 0.651007 0.710438 0.649329
0 0.563973 0.634228 0.563973 0.635906 0.567340 0.635906 0.567340 0.634228
0 0.624579 0.627517 0.624579 0.629195 0.626263 0.630872 0.627946 0.630872 0.627946 0.627517
0 0.715488 0.620805 0.713805 0.620805 0.712121 0.622483 0.712121 0.624161 0.713805 0.624161 0.715488 0.622483
0 0.486532 0.546980 0.491582 0.546980 0.493266 0.548658 0.496633 0.548658 0.496633 0.546980 0.494949 0.545302 0.491582 0.545302 0.489899 0.543624 0.488215 0.543624 0.488215 0.545302
0 0.466330 0.540268 0.466330 0.541946 0.468013 0.541946 0.469697 0.540268 0.471380 0.541946 0.473064 0.541946 0.473064 0.538591 0.468013 0.538591
0 0.444444 0.535235 0.446128 0.536913 0.449495 0.536913 0.449495 0.535235
0 0.429293 0.533557 0.429293 0.535235 0.432660 0.535235 0.432660 0.533557
0 0.481481 0.528523 0.481481 0.531879 0.483165 0.533557 0.484848 0.533557 0.486532 0.531879 0.486532 0.530201 0.484848 0.530201 0.483165 0.528523
0 0.525253 0.496644 0.525253 0.498322 0.530303 0.498322 0.530303 0.496644
0 0.535354 0.486577 0.533670 0.484899 0.531987 0.484899 0.530303 0.486577 0.528620 0.486577 0.528620 0.491611 0.531987 0.491611 0.531987 0.489933 0.533670 0.488255 0.535354 0.488255
0 0.424242 0.478188 0.424242 0.479866 0.427609 0.479866 0.427609 0.478188
0 0.451178 0.474832 0.451178 0.478188 0.452862 0.478188 0.452862 0.474832
0 0.530303 0.471477 0.530303 0.473154 0.531987 0.474832 0.533670 0.474832 0.535354 0.473154 0.535354 0.471477
0 0.476431 0.471477 0.474747 0.469799 0.468013 0.469799 0.468013 0.473154 0.466330 0.474832 0.459596 0.474832 0.457912 0.476510 0.457912 0.478188 0.459596 0.478188 0.461279 0.476510 0.466330 0.476510 0.466330 0.474832 0.468013 0.473154 0.476431 0.473154
0 0.429293 0.468121 0.429293 0.469799 0.430976 0.469799 0.432660 0.471477 0.436027 0.471477 0.436027 0.469799 0.432660 0.469799 0.430976 0.468121
0 0.530303 0.463087 0.530303 0.468121 0.537037 0.468121 0.537037 0.466443 0.535354 0.466443 0.533670 0.464765 0.533670 0.463087
0 0.538721 0.447987 0.538721 0.451342 0.540404 0.451342 0.542088 0.453020 0.543771 0.453020 0.543771 0.451342 0.545455 0.449664 0.545455 0.447987
0 0.722222 0.411074 0.722222 0.414430 0.725589 0.414430 0.725589 0.412752 0.723906 0.411074
0 0.760943 0.384228 0.762626 0.384228 0.764310 0.385906 0.765993 0.385906 0.765993 0.382550 0.762626 0.382550
0 0.693603 0.374161 0.690236 0.374161 0.690236 0.379195 0.691919 0.379195 0.691919 0.377517 0.693603 0.375839
0 0.757576 0.370805 0.757576 0.372483 0.760943 0.375839 0.760943 0.377517 0.764310 0.377517 0.764310 0.375839 0.762626 0.374161 0.762626 0.370805
0 0.255892 0.315436 0.255892 0.318792 0.259259 0.318792 0.260943 0.317114 0.260943 0.315436
0 0.309764 0.313758 0.309764 0.315436 0.314815 0.315436 0.314815 0.313758
0 0.390572 0.241611 0.390572 0.244966 0.392256 0.244966 0.392256 0.241611
0 0.230640 0.197987 0.230640 0.199664 0.234007 0.199664 0.234007 0.197987
0 0.202020 0.197987 0.202020 0.199664 0.205387 0.199664 0.205387 0.197987
0 0.212121 0.191275 0.212121 0.194631 0.213805 0.194631 0.213805 0.191275
0 0.361953 0.092282 0.361953 0.095638 0.363636 0.095638 0.365320 0.097315 0.365320 0.100671 0.367003 0.100671 0.367003 0.093960 0.365320 0.092282