0 0.700840 0.672819 0.700840 0.674497 0.702521 0.676174 0.704202 0.676174 0.704202 0.674497 0.702521 0.672819
0 0.605042 0.664430 0.605042 0.666107 0.608403 0.666107 0.608403 0.664430
0 0.662185 0.649329 0.662185 0.651007 0.663866 0.652685 0.665546 0.652685 0.665546 0.649329
0 0.618487 0.560403 0.618487 0.563758 0.620168 0.565436 0.631933 0.565436 0.631933 0.562081 0.630252 0.562081 0.626891 0.558725 0.620168 0.558725
0 0.645378 0.548658 0.643697 0.548658 0.643697 0.550336 0.642017 0.552013 0.645378 0.552013
0 0.608403 0.548658 0.608403 0.550336 0.606723 0.552013 0.606723 0.555369 0.608403 0.555369 0.610084 0.557047 0.613445 0.557047 0.616807 0.553691 0.616807 0.552013 0.615126 0.550336 0.615126 0.548658
0 0.660504 0.541946 0.658824 0.541946 0.657143 0.543624 0.657143 0.545302 0.655462 0.546980 0.653782 0.546980 0.653782 0.548658 0.658824 0.548658 0.658824 0.545302 0.660504 0.543624
0 0.504202 0.521812 0.500840 0.521812 0.499160 0.523490 0.499160 0.525168 0.502521 0.525168 0.504202 0.523490
0 0.510924 0.520134 0.509244 0.520134 0.507563 0.521812 0.507563 0.523490 0.509244 0.523490 0.509244 0.521812
0 0.489076 0.513423 0.489076 0.515101 0.490756 0.516779 0.494118 0.516779 0.495798 0.515101 0.499160 0.515101 0.499160 0.513423
0 0.504202 0.511745 0.504202 0.513423 0.507563 0.513423 0.507563 0.511745
0 0.647059 0.511745 0.647059 0.513423 0.653782 0.513423 0.653782 0.510067 0.648739 0.510067
0 0.490756 0.505034 0.490756 0.506711 0.492437 0.508389 0.492437 0.510067 0.494118 0.510067 0.494118 0.508389 0.495798 0.506711 0.497479 0.508389 0.497479 0.510067 0.499160 0.510067 0.500840 0.508389 0.502521 0.508389 0.502521 0.506711 0.500840 0.506711 0.499160 0.505034
0 0.521008 0.488255 0.517647 0.489933 0.517647 0.493289 0.521008 0.493289 0.522689 0.494966 0.519328 0.496644 0.521008 0.501678 0.526050 0.501678 0.527731 0.503356 0.526050 0.506711 0.531092 0.510067 0.531092 0.516779 0.529412 0.518456 0.517647 0.516779 0.517647 0.523490 0.515966 0.526846 0.517647 0.526846 0.519328 0.530201 0.522689 0.530201 0.524370 0.531879 0.524370 0.538591 0.527731 0.540268 0.532773 0.540268 0.534454 0.535235 0.531092 0.530201 0.531092 0.526846 0.534454 0.525168 0.534454 0.521812 0.536134 0.520134 0.534454 0.516779 0.536134 0.515101 0.536134 0.508389 0.537815 0.506711 0.537815 0.503356 0.534454 0.501678 0.532773 0.494966 0.526050 0.488255
0 0.610084 0.479866 0.608403 0.479866 0.606723 0.481544 0.606723 0.483221 0.610084 0.483221
0 0.431933 0.469799 0.426891 0.469799 0.425210 0.471477 0.423529 0.471477 0.420168 0.474832 0.415126 0.474832 0.415126 0.476510 0.426891 0.476510 0.426891 0.474832 0.430252 0.471477 0.431933 0.471477
0 0.472269 0.468121 0.473950 0.471477 0.478992 0.471477 0.482353 0.474832 0.480672 0.476510 0.467227 0.478188 0.468908 0.479866 0.473950 0.479866 0.475630 0.478188 0.477311 0.481544 0.473950 0.483221 0.473950 0.484899 0.478992 0.486577 0.480672 0.476510 0.484034 0.474832 0.487395 0.468121 0.490756 0.471477 0.489076 0.474832 0.492437 0.476510 0.492437 0.479866 0.497479 0.481544 0.499160 0.484899 0.505882 0.488255 0.504202 0.491611 0.497479 0.493289 0.495798 0.496644 0.510924 0.494966 0.510924 0.491611 0.507563 0.488255 0.507563 0.484899 0.502521 0.481544 0.500840 0.476510 0.497479 0.476510 0.495798 0.474832 0.495798 0.469799 0.494118 0.468121 0.489076 0.468121 0.487395 0.466443 0.480672 0.469799
0 0.626891 0.453020 0.620168 0.453020 0.620168 0.454698 0.621849 0.456376 0.620168 0.458054 0.618487 0.458054 0.616807 0.456376 0.615126 0.456376 0.615126 0.459732 0.618487 0.459732 0.620168 0.461409 0.618487 0.463087 0.615126 0.463087 0.613445 0.464765 0.611765 0.463087 0.608403 0.463087 0.608403 0.464765 0.610084 0.464765 0.611765 0.466443 0.608403 0.469799 0.608403 0.474832 0.611765 0.474832 0.613445 0.473154 0.615126 0.473154 0.615126 0.471477 0.616807 0.469799 0.618487 0.469799 0.621849 0.464765 0.625210 0.464765 0.625210 0.461409 0.623529 0.461409 0.621849 0.459732 0.623529 0.458054 0.626891 0.458054
0 0.596639 0.451342 0.586555 0.451342 0.584874 0.453020 0.584874 0.456376 0.586555 0.458054 0.588235 0.458054 0.589916 0.459732 0.589916 0.461409 0.588235 0.463087 0.579832 0.463087 0.579832 0.464765 0.581513 0.464765 0.583193 0.466443 0.583193 0.469799 0.586555 0.469799 0.588235 0.468121 0.589916 0.468121 0.589916 0.466443 0.588235 0.464765 0.589916 0.463087 0.596639 0.463087 0.596639 0.461409 0.594958 0.459732 0.594958 0.458054 0.596639 0.456376 0.598319 0.456376 0.598319 0.454698 0.596639 0.453020
0 0.610084 0.442953 0.606723 0.442953 0.605042 0.444631 0.603361 0.444631 0.601681 0.446309 0.600000 0.446309 0.600000 0.451342 0.603361 0.451342 0.603361 0.449664 0.605042 0.447987 0.606723 0.447987 0.606723 0.446309 0.608403 0.444631 0.610084 0.444631
0 0.613445 0.441275 0.613445 0.442953 0.618487 0.442953 0.618487 0.441275
0 0.625210 0.439597 0.625210 0.444631 0.626891 0.444631 0.628571 0.446309 0.628571 0.447987 0.630252 0.447987 0.630252 0.446309 0.628571 0.446309 0.626891 0.444631 0.626891 0.439597
0 0.779832 0.424497 0.781513 0.426174 0.784874 0.426174 0.784874 0.424497
0 0.369748 0.399329 0.368067 0.401007 0.368067 0.406040 0.369748 0.406040 0.371429 0.407718 0.373109 0.407718 0.373109 0.404362 0.371429 0.402685 0.373109 0.401007 0.373109 0.399329
0 0.371429 0.392617 0.371429 0.394295 0.374790 0.394295 0.374790 0.392617
0 0.383193 0.384228 0.383193 0.385906 0.384874 0.387584 0.384874 0.389262 0.388235 0.389262 0.389916 0.390940 0.393277 0.390940 0.391597 0.389262 0.391597 0.387584 0.393277 0.385906 0.394958 0.385906 0.394958 0.384228 0.393277 0.382550 0.384874 0.382550
0 0.376471 0.380872 0.368067 0.380872 0.363025 0.385906 0.363025 0.387584 0.364706 0.389262 0.368067 0.389262 0.368067 0.387584 0.369748 0.385906 0.373109 0.385906 0.373109 0.384228 0.374790 0.382550 0.376471 0.382550
0 0.415126 0.364094 0.415126 0.367450 0.416807 0.369128 0.421849 0.369128 0.423529 0.367450 0.426891 0.367450 0.428571 0.369128 0.428571 0.372483 0.430252 0.372483 0.431933 0.370805 0.435294 0.370805 0.436975 0.369128 0.436975 0.362416 0.435294 0.360738 0.431933 0.360738 0.430252 0.359060 0.425210 0.359060 0.423529 0.357383 0.421849 0.357383
0 0.315966 0.302013 0.312605 0.302013 0.312605 0.305369 0.314286 0.307047 0.312605 0.308725 0.310924 0.308725 0.307563 0.305369 0.305882 0.305369 0.304202 0.307047 0.302521 0.305369 0.299160 0.305369 0.299160 0.312081 0.300840 0.313758 0.300840 0.315436 0.299160 0.317114 0.295798 0.317114 0.294118 0.318792 0.294118 0.322148 0.295798 0.323826 0.297479 0.323826 0.299160 0.325503 0.299160 0.327181 0.302521 0.327181 0.304202 0.325503 0.307563 0.325503 0.307563 0.323826 0.309244 0.322148 0.309244 0.320470 0.307563 0.318792 0.307563 0.317114 0.309244 0.315436 0.310924 0.315436 0.312605 0.313758 0.317647 0.313758 0.319328 0.312081 0.321008 0.312081 0.321008 0.310403 0.315966 0.305369
0 0.297479 0.293624 0.292437 0.293624 0.290756 0.295302 0.285714 0.295302 0.284034 0.296980 0.284034 0.298658 0.289076 0.298658 0.290756 0.300336 0.292437 0.300336 0.294118 0.298658 0.295798 0.298658 0.297479 0.296980
0 0.257143 0.286913 0.257143 0.288591 0.260504 0.288591 0.260504 0.286913
0 0.262185 0.281879 0.262185 0.283557 0.270588 0.283557 0.272269 0.285235 0.273950 0.285235 0.273950 0.281879 0.268908 0.281879 0.267227 0.280201 0.265546 0.280201 0.263866 0.281879
0 0.675630 0.134228 0.675630 0.135906 0.677311 0.135906 0.678992 0.137584 0.680672 0.137584 0.680672 0.134228
0 0.115966 0.005034 0.115966 0.006711 0.117647 0.008389 0.117647 0.010067 0.119328 0.010067 0.119328 0.008389 0.117647 0.006711 0.117647 0.005034
0 0.173109 0.000000 0.173109 0.001678 0.174790 0.003356 0.173109 0.005034 0.173109 0.006711 0.174790 0.006711 0.176471 0.008389 0.183193 0.008389 0.183193 0.006711 0.181513 0.005034 0.181513 0.003356 0.176471 0.003356 0.174790 0.001678 0.174790 0.000000
0 0.121008 0.000000 0.121008 0.001678 0.122689 0.003356 0.122689 0.005034 0.124370 0.005034 0.124370 0.003356 0.126050 0.001678 0.126050 0.000000