0 0.509244 0.825503 0.509244 0.828859 0.507563 0.830537 0.505882 0.830537 0.505882 0.833893 0.507563 0.835570 0.517647 0.835570 0.517647 0.832215 0.515966 0.830537 0.514286 0.830537 0.512605 0.828859 0.512605 0.825503
0 0.500840 0.822148 0.500840 0.827181 0.505882 0.827181 0.505882 0.823826 0.504202 0.822148
0 0.499160 0.810403 0.499160 0.812081 0.500840 0.812081 0.502521 0.813758 0.504202 0.813758 0.505882 0.815436 0.505882 0.817114 0.507563 0.817114 0.507563 0.815436 0.509244 0.813758 0.509244 0.812081 0.505882 0.812081 0.504202 0.810403
0 0.514286 0.810403 0.515966 0.813758 0.519328 0.812081 0.527731 0.812081 0.531092 0.813758 0.537815 0.820470 0.537815 0.822148 0.544538 0.822148 0.546218 0.820470 0.547899 0.822148 0.547899 0.825503 0.542857 0.828859 0.539496 0.828859 0.536134 0.827181 0.534454 0.823826 0.531092 0.823826 0.532773 0.827181 0.531092 0.833893 0.532773 0.835570 0.536134 0.835570 0.539496 0.830537 0.541176 0.830537 0.542857 0.833893 0.544538 0.833893 0.547899 0.828859 0.551261 0.828859 0.552941 0.825503 0.551261 0.820470 0.547899 0.817114 0.544538 0.817114 0.542857 0.818792 0.537815 0.817114 0.534454 0.813758 0.534454 0.808725 0.526050 0.808725 0.524370 0.810403
0 0.549580 0.781879 0.549580 0.783557 0.551261 0.785235 0.554622 0.785235 0.556303 0.783557 0.557983 0.783557 0.559664 0.785235 0.559664 0.786913 0.564706 0.786913 0.566387 0.785235 0.569748 0.785235 0.571429 0.786913 0.573109 0.786913 0.573109 0.785235 0.571429 0.785235 0.568067 0.781879 0.569748 0.780201 0.571429 0.780201 0.573109 0.781879 0.574790 0.781879 0.574790 0.780201 0.571429 0.780201 0.569748 0.778523 0.559664 0.778523 0.557983 0.780201 0.551261 0.780201
0 0.505882 0.506711 0.502521 0.506711 0.500840 0.508389 0.500840 0.510067 0.499160 0.511745 0.497479 0.511745 0.495798 0.513423 0.495798 0.515101 0.500840 0.515101 0.502521 0.513423 0.504202 0.513423 0.504202 0.511745 0.505882 0.510067
0 0.357983 0.494966 0.357983 0.496644 0.359664 0.498322 0.361345 0.498322 0.363025 0.500000 0.364706 0.500000 0.366387 0.498322 0.368067 0.498322 0.368067 0.494966 0.366387 0.494966 0.364706 0.496644 0.363025 0.496644 0.361345 0.494966
0 0.546218 0.494966 0.544538 0.494966 0.542857 0.493289 0.542857 0.491611 0.537815 0.491611 0.536134 0.493289 0.536134 0.494966 0.534454 0.496644 0.532773 0.496644 0.527731 0.501678 0.526050 0.501678 0.522689 0.505034 0.524370 0.506711 0.524370 0.508389 0.526050 0.510067 0.529412 0.510067 0.529412 0.505034 0.531092 0.503356 0.536134 0.503356 0.536134 0.501678 0.537815 0.500000 0.537815 0.498322 0.539496 0.496644 0.541176 0.498322 0.544538 0.498322 0.546218 0.496644
0 0.411765 0.525168 0.426891 0.525168 0.431933 0.528523 0.425210 0.535235 0.431933 0.535235 0.438655 0.521812 0.443697 0.525168 0.465546 0.523490 0.470588 0.533557 0.475630 0.533557 0.489076 0.518456 0.490756 0.523490 0.499160 0.523490 0.499160 0.528523 0.509244 0.526846 0.515966 0.515101 0.522689 0.525168 0.529412 0.525168 0.537815 0.511745 0.524370 0.516779 0.519328 0.508389 0.514286 0.508389 0.514286 0.513423 0.500840 0.521812 0.489076 0.516779 0.480672 0.520134 0.480672 0.510067 0.492437 0.503356 0.490756 0.493289 0.485714 0.493289 0.478992 0.506711 0.472269 0.501678 0.472269 0.510067 0.445378 0.513423 0.447059 0.505034 0.460504 0.503356 0.467227 0.493289 0.457143 0.501678 0.447059 0.501678 0.445378 0.494966 0.433613 0.491611 0.435294 0.496644 0.420168 0.505034 0.426891 0.511745 0.421849 0.516779 0.416807 0.513423 0.416807 0.521812
0 0.351261 0.486577 0.349580 0.486577 0.349580 0.488255 0.347899 0.489933 0.346218 0.489933 0.344538 0.491611 0.341176 0.491611 0.341176 0.496644 0.342857 0.496644 0.346218 0.500000 0.351261 0.500000 0.352941 0.498322 0.354622 0.498322 0.354622 0.494966 0.351261 0.491611 0.349580 0.491611 0.347899 0.489933 0.349580 0.488255 0.351261 0.488255
0 0.532773 0.484899 0.532773 0.486577 0.537815 0.486577 0.536134 0.484899
0 0.499160 0.473154 0.494118 0.473154 0.492437 0.474832 0.484034 0.474832 0.484034 0.478188 0.485714 0.479866 0.485714 0.483221 0.490756 0.483221 0.492437 0.484899 0.492437 0.486577 0.495798 0.486577 0.495798 0.484899 0.494118 0.484899 0.492437 0.483221 0.492437 0.481544 0.495798 0.478188 0.495798 0.476510 0.497479 0.474832 0.499160 0.474832
0 0.564706 0.461409 0.559664 0.461409 0.559664 0.463087 0.563025 0.463087 0.564706 0.464765 0.561345 0.468121 0.559664 0.468121 0.559664 0.474832 0.557983 0.476510 0.554622 0.476510 0.554622 0.478188 0.556303 0.478188 0.557983 0.479866 0.554622 0.483221 0.552941 0.483221 0.552941 0.484899 0.554622 0.486577 0.554622 0.488255 0.556303 0.488255 0.557983 0.486577 0.559664 0.486577 0.561345 0.488255 0.564706 0.488255 0.564706 0.483221 0.559664 0.479866 0.561345 0.478188 0.563025 0.478188 0.563025 0.474832 0.564706 0.473154 0.564706 0.471477 0.568067 0.466443 0.568067 0.464765 0.566387 0.464765 0.564706 0.463087
0 0.507563 0.461409 0.507563 0.463087 0.509244 0.463087 0.510924 0.464765 0.514286 0.464765 0.514286 0.463087 0.510924 0.463087 0.509244 0.461409
0 0.389916 0.447987 0.388235 0.446309 0.379832 0.446309 0.376471 0.449664 0.374790 0.446309 0.369748 0.444631 0.361345 0.454698 0.361345 0.456376 0.356303 0.459732 0.351261 0.459732 0.349580 0.458054 0.336134 0.458054 0.337815 0.461409 0.336134 0.463087 0.336134 0.466443 0.341176 0.469799 0.346218 0.468121 0.349580 0.471477 0.354622 0.469799 0.356303 0.464765 0.359664 0.461409 0.364706 0.459732 0.366387 0.463087 0.368067 0.463087 0.371429 0.456376 0.374790 0.458054 0.376471 0.461409 0.373109 0.463087 0.373109 0.464765 0.369748 0.466443 0.369748 0.468121 0.381513 0.468121 0.381513 0.466443 0.384874 0.463087 0.386555 0.463087 0.386555 0.458054 0.388235 0.456376
0 0.420168 0.434564 0.416807 0.434564 0.416807 0.437919 0.418487 0.437919 0.420168 0.436242
0 0.398319 0.427852 0.398319 0.429530 0.401681 0.429530 0.401681 0.427852
0 0.265546 0.375839 0.265546 0.377517 0.268908 0.377517 0.268908 0.375839
0 0.255462 0.374161 0.255462 0.377517 0.257143 0.377517 0.258824 0.375839 0.260504 0.375839 0.260504 0.374161
0 0.284034 0.365772 0.282353 0.365772 0.280672 0.367450 0.280672 0.369128 0.284034 0.369128
0 0.238655 0.359060 0.238655 0.362416 0.242017 0.362416 0.242017 0.359060
0 0.290756 0.357383 0.290756 0.360738 0.292437 0.360738 0.294118 0.359060 0.295798 0.359060 0.295798 0.357383
0 0.220168 0.362416 0.220168 0.364094 0.221849 0.365772 0.221849 0.367450 0.223529 0.367450 0.225210 0.369128 0.225210 0.370805 0.228571 0.370805 0.230252 0.372483 0.230252 0.374161 0.235294 0.374161 0.236975 0.372483 0.238655 0.374161 0.238655 0.375839 0.242017 0.379195 0.242017 0.380872 0.247059 0.380872 0.247059 0.377517 0.248739 0.375839 0.250420 0.375839 0.250420 0.374161 0.245378 0.374161 0.242017 0.370805 0.242017 0.369128 0.240336 0.367450 0.233613 0.367450 0.231933 0.369128 0.230252 0.367450 0.230252 0.360738 0.231933 0.359060 0.231933 0.357383 0.228571 0.357383 0.228571 0.362416 0.226891 0.364094 0.225210 0.364094 0.223529 0.362416
0 0.194958 0.348993 0.193277 0.348993 0.191597 0.350671 0.189916 0.350671 0.189916 0.352349 0.188235 0.354027 0.188235 0.355705 0.189916 0.355705 0.191597 0.357383 0.193277 0.357383 0.194958 0.355705 0.196639 0.355705 0.196639 0.354027 0.193277 0.354027 0.191597 0.352349 0.193277 0.350671 0.194958 0.350671
0 0.225210 0.347315 0.221849 0.347315 0.220168 0.345638 0.218487 0.345638 0.216807 0.343960 0.216807 0.342282 0.213445 0.342282 0.213445 0.343960 0.215126 0.343960 0.216807 0.345638 0.215126 0.347315 0.211765 0.347315 0.208403 0.350671 0.206723 0.350671 0.206723 0.352349 0.205042 0.354027 0.205042 0.355705 0.206723 0.357383 0.206723 0.359060 0.205042 0.360738 0.203361 0.360738 0.203361 0.362416 0.205042 0.362416 0.208403 0.365772 0.215126 0.365772 0.215126 0.364094 0.210084 0.359060 0.211765 0.357383 0.211765 0.355705 0.210084 0.355705 0.208403 0.354027 0.218487 0.347315 0.220168 0.348993 0.225210 0.348993
0 0.240336 0.327181 0.240336 0.328859 0.242017 0.330537 0.243697 0.330537 0.245378 0.328859 0.245378 0.327181
0 0.302521 0.320470 0.300840 0.320470 0.299160 0.322148 0.297479 0.322148 0.297479 0.323826 0.295798 0.325503 0.294118 0.325503 0.292437 0.327181 0.292437 0.328859 0.290756 0.330537 0.289076 0.330537 0.285714 0.327181 0.282353 0.327181 0.280672 0.325503 0.278992 0.325503 0.278992 0.328859 0.284034 0.328859 0.285714 0.330537 0.287395 0.330537 0.289076 0.332215 0.289076 0.335570 0.287395 0.337248 0.287395 0.338926 0.292437 0.338926 0.292437 0.337248 0.290756 0.335570 0.292437 0.333893 0.294118 0.333893 0.295798 0.332215 0.295798 0.330537 0.297479 0.328859 0.297479 0.325503 0.299160 0.323826 0.302521 0.323826
0 0.280672 0.320470 0.280672 0.322148 0.285714 0.322148 0.285714 0.320470
0 0.221849 0.323826 0.218487 0.320470 0.215126 0.320470 0.213445 0.322148 0.211765 0.322148 0.210084 0.323826 0.208403 0.323826 0.208403 0.325503 0.206723 0.327181 0.206723 0.328859 0.205042 0.330537 0.203361 0.330537 0.201681 0.332215 0.201681 0.335570 0.206723 0.335570 0.206723 0.333893 0.208403 0.332215 0.210084 0.333893 0.211765 0.333893 0.211765 0.328859 0.213445 0.327181 0.215126 0.328859 0.216807 0.328859 0.220168 0.332215 0.221849 0.332215
0 0.284034 0.310403 0.282353 0.312081 0.282353 0.313758 0.284034 0.315436 0.284034 0.317114 0.289076 0.317114 0.289076 0.313758 0.290756 0.312081 0.290756 0.310403
0 0.273950 0.310403 0.272269 0.310403 0.270588 0.312081 0.270588 0.313758 0.268908 0.315436 0.265546 0.315436 0.265546 0.317114 0.267227 0.318792 0.267227 0.322148 0.268908 0.322148 0.270588 0.323826 0.272269 0.323826 0.273950 0.322148 0.275630 0.322148 0.275630 0.318792 0.273950 0.318792 0.272269 0.317114 0.272269 0.315436 0.273950 0.313758
0 0.297479 0.303691 0.297479 0.305369 0.295798 0.307047 0.295798 0.310403 0.297479 0.310403 0.300840 0.307047 0.302521 0.308725 0.302521 0.310403 0.305882 0.310403 0.307563 0.312081 0.309244 0.312081 0.309244 0.310403 0.307563 0.310403 0.305882 0.308725 0.302521 0.308725 0.300840 0.307047 0.302521 0.305369 0.302521 0.302013 0.299160 0.302013
0 0.260504 0.298658 0.260504 0.300336 0.262185 0.302013 0.263866 0.302013 0.265546 0.300336 0.267227 0.302013 0.268908 0.302013 0.267227 0.302013 0.265546 0.300336 0.265546 0.298658
0 0.216807 0.290268 0.215126 0.290268 0.213445 0.291946 0.213445 0.293624 0.216807 0.293624
0 0.231933 0.286913 0.231933 0.288591 0.235294 0.286913 0.236975 0.288591 0.235294 0.293624 0.231933 0.295302 0.231933 0.296980 0.233613 0.298658 0.240336 0.300336 0.243697 0.303691 0.240336 0.307047 0.238655 0.307047 0.236975 0.310403 0.236975 0.315436 0.230252 0.318792 0.230252 0.320470 0.225210 0.323826 0.225210 0.325503 0.230252 0.323826 0.231933 0.327181 0.235294 0.327181 0.236975 0.323826 0.233613 0.322148 0.236975 0.318792 0.243697 0.318792 0.247059 0.322148 0.248739 0.322148 0.250420 0.315436 0.252101 0.313758 0.252101 0.310403 0.247059 0.303691 0.245378 0.298658 0.242017 0.298658 0.240336 0.296980 0.243697 0.293624 0.247059 0.295302 0.250420 0.293624 0.250420 0.291946 0.240336 0.291946 0.236975 0.286913
0 0.228571 0.281879 0.226891 0.281879 0.225210 0.283557 0.218487 0.283557 0.218487 0.285235 0.220168 0.286913 0.225210 0.286913 0.226891 0.285235 0.228571 0.285235
0 0.400000 0.244966 0.400000 0.246644 0.401681 0.248322 0.403361 0.248322 0.403361 0.244966
0 0.393277 0.246644 0.391597 0.244966 0.389916 0.244966 0.388235 0.246644 0.388235 0.250000 0.389916 0.250000 0.391597 0.248322 0.393277 0.248322
0 0.400000 0.231544 0.398319 0.231544 0.396639 0.233221 0.394958 0.233221 0.394958 0.234899 0.400000 0.234899
0 0.401681 0.226510 0.401681 0.228188 0.405042 0.228188 0.406723 0.229866 0.411765 0.229866 0.411765 0.226510
0 0.394958 0.224832 0.394958 0.226510 0.398319 0.226510 0.398319 0.224832
0 0.413445 0.218121 0.413445 0.223154 0.420168 0.223154 0.420168 0.219799 0.418487 0.218121
0 0.473950 0.216443 0.472269 0.216443 0.470588 0.218121 0.470588 0.219799 0.473950 0.219799
0 0.394958 0.216443 0.394958 0.218121 0.398319 0.218121 0.398319 0.216443
0 0.386555 0.214765 0.381513 0.214765 0.379832 0.216443 0.378151 0.216443 0.376471 0.218121 0.374790 0.218121 0.374790 0.219799 0.378151 0.219799 0.379832 0.218121 0.383193 0.218121
0 0.521008 0.223154 0.519328 0.223154 0.517647 0.219799 0.514286 0.218121 0.512605 0.213087 0.505882 0.213087 0.505882 0.218121 0.507563 0.218121 0.509244 0.221477 0.512605 0.219799 0.515966 0.223154 0.512605 0.228188 0.509244 0.228188 0.509244 0.229866 0.505882 0.231544 0.504202 0.234899 0.502521 0.231544 0.499160 0.231544 0.497479 0.229866 0.492437 0.229866 0.489076 0.233221 0.478992 0.233221 0.477311 0.229866 0.472269 0.231544 0.473950 0.236577 0.477311 0.238255 0.477311 0.239933 0.480672 0.238255 0.482353 0.241611 0.489076 0.238255 0.492437 0.238255 0.494118 0.241611 0.505882 0.241611 0.504202 0.238255 0.517647 0.231544 0.517647 0.229866 0.521008 0.228188
0 0.448739 0.197987 0.448739 0.204698 0.452101 0.204698 0.453782 0.206376 0.453782 0.208054 0.455462 0.209732 0.455462 0.211409 0.458824 0.211409 0.458824 0.208054 0.457143 0.206376 0.455462 0.206376 0.453782 0.204698 0.453782 0.201342 0.452101 0.199664 0.452101 0.197987
0 0.494118 0.154362 0.494118 0.156040 0.500840 0.156040 0.500840 0.154362 0.499160 0.154362 0.497479 0.152685 0.495798 0.152685
0 0.512605 0.162752 0.512605 0.159396 0.510924 0.157718 0.510924 0.156040 0.507563 0.152685 0.507563 0.151007 0.505882 0.151007 0.505882 0.156040 0.504202 0.157718 0.504202 0.159396 0.502521 0.161074 0.500840 0.159396 0.495798 0.159396 0.495798 0.161074 0.499160 0.161074 0.500840 0.162752 0.502521 0.162752 0.504202 0.164430 0.509244 0.164430 0.510924 0.162752
0 0.413445 0.152685 0.413445 0.154362 0.420168 0.154362 0.420168 0.152685 0.418487 0.151007 0.415126 0.151007
0 0.026891 0.151007 0.026891 0.154362 0.033613 0.154362 0.033613 0.151007 0.031933 0.149329 0.028571 0.149329
0 0.003361 0.149329 0.003361 0.152685 0.005042 0.154362 0.010084 0.154362 0.010084 0.151007 0.006723 0.151007 0.005042 0.149329
0 0.078992 0.127517 0.073950 0.127517 0.073950 0.129195 0.070588 0.132550 0.070588 0.134228 0.067227 0.139262 0.063866 0.139262 0.062185 0.140940 0.060504 0.140940 0.058824 0.139262 0.053782 0.137584 0.053782 0.139262 0.055462 0.140940 0.055462 0.144295 0.052101 0.147651 0.048739 0.147651 0.047059 0.149329 0.045378 0.147651 0.045378 0.144295 0.043697 0.142617 0.042017 0.142617 0.042017 0.145973 0.040336 0.147651 0.040336 0.149329 0.038655 0.151007 0.036975 0.151007 0.036975 0.152685 0.040336 0.152685 0.043697 0.147651 0.045378 0.147651 0.047059 0.149329 0.047059 0.151007 0.057143 0.151007 0.058824 0.149329 0.060504 0.149329 0.060504 0.147651 0.058824 0.145973 0.062185 0.142617 0.068908 0.142617 0.073950 0.135906 0.073950 0.134228 0.075630 0.132550 0.077311 0.132550
0 0.107563 0.105705 0.107563 0.107383 0.109244 0.107383 0.110924 0.105705 0.112605 0.105705 0.114286 0.107383 0.115966 0.107383 0.114286 0.107383 0.112605 0.105705 0.112605 0.104027 0.110924 0.104027 0.109244 0.105705
0 0.082353 0.098993 0.078992 0.098993 0.077311 0.100671 0.067227 0.100671 0.067227 0.102349 0.068908 0.104027 0.072269 0.104027 0.073950 0.105705 0.073950 0.109060 0.075630 0.109060 0.075630 0.107383 0.077311 0.105705 0.080672 0.105705 0.082353 0.104027
0 0.144538 0.098993 0.144538 0.093960 0.139496 0.092282 0.136134 0.088926 0.136134 0.085570 0.134454 0.083893 0.136134 0.082215 0.136134 0.080537 0.132773 0.080537 0.129412 0.083893 0.127731 0.083893 0.127731 0.087248 0.129412 0.088926 0.129412 0.090604 0.126050 0.093960 0.117647 0.093960 0.114286 0.090604 0.114286 0.088926 0.109244 0.088926 0.107563 0.087248 0.105882 0.087248 0.104202 0.088926 0.104202 0.090604 0.107563 0.090604 0.110924 0.093960 0.110924 0.097315 0.117647 0.097315 0.119328 0.095638 0.121008 0.097315 0.121008 0.100671 0.124370 0.100671 0.126050 0.102349 0.126050 0.104027 0.127731 0.104027 0.129412 0.105705 0.132773 0.105705 0.134454 0.107383 0.137815 0.107383 0.139496 0.105705 0.139496 0.100671 0.141176 0.098993
0 0.134454 0.075503 0.134454 0.077181 0.137815 0.077181 0.139496 0.078859 0.141176 0.078859 0.141176 0.073826 0.137815 0.073826 0.136134 0.075503
0 0.082353 0.068792 0.080672 0.068792 0.078992 0.070470 0.077311 0.070470 0.077311 0.072148 0.082353 0.072148
0 0.117647 0.050336 0.112605 0.050336 0.110924 0.052013 0.109244 0.052013 0.109244 0.055369 0.110924 0.055369 0.112605 0.053691 0.117647 0.053691
0 0.136134 0.045302 0.136134 0.046980 0.137815 0.048658 0.142857 0.048658 0.142857 0.046980 0.141176 0.046980 0.139496 0.045302
0 0.095798 0.035235 0.095798 0.038591 0.097479 0.038591 0.097479 0.035235
0 0.115966 0.031879 0.115966 0.033557 0.119328 0.036913 0.119328 0.041946 0.121008 0.041946 0.122689 0.043624 0.122689 0.045302 0.124370 0.045302 0.127731 0.041946 0.127731 0.040268 0.124370 0.040268 0.122689 0.038591 0.122689 0.035235 0.121008 0.033557 0.121008 0.031879
0 0.053782 0.018456 0.053782 0.020134 0.062185 0.020134 0.063866 0.021812 0.063866 0.031879 0.065546 0.033557 0.073950 0.033557 0.075630 0.031879 0.080672 0.033557 0.082353 0.031879 0.087395 0.031879 0.090756 0.028523 0.090756 0.026846 0.092437 0.025168 0.095798 0.028523 0.097479 0.028523 0.097479 0.023490 0.089076 0.023490 0.085714 0.028523 0.082353 0.028523 0.080672 0.030201 0.078992 0.030201 0.077311 0.028523 0.077311 0.026846 0.073950 0.026846 0.070588 0.023490 0.068908 0.023490 0.065546 0.018456 0.062185 0.018456 0.060504 0.016779 0.058824 0.016779 0.057143 0.018456
0 0.045378 0.016779 0.045378 0.021812 0.050420 0.021812 0.050420 0.020134 0.048739 0.018456 0.048739 0.016779