0 0.818487 0.843960 0.818487 0.848993 0.823529 0.848993 0.823529 0.843960
0 0.825210 0.837248 0.825210 0.840604 0.828571 0.840604 0.828571 0.838926 0.826891 0.837248
0 0.089076 0.822148 0.089076 0.825503 0.092437 0.825503 0.094118 0.823826 0.095798 0.823826 0.095798 0.822148
0 0.783193 0.817114 0.783193 0.820470 0.784874 0.822148 0.784874 0.823826 0.786555 0.825503 0.788235 0.825503 0.788235 0.823826 0.789916 0.822148 0.791597 0.822148 0.793277 0.823826 0.793277 0.825503 0.794958 0.825503 0.796639 0.827181 0.800000 0.827181 0.800000 0.825503 0.801681 0.823826 0.801681 0.822148 0.800000 0.822148 0.798319 0.823826 0.796639 0.823826 0.794958 0.822148 0.794958 0.820470 0.793277 0.820470 0.791597 0.818792 0.789916 0.818792 0.788235 0.817114
0 0.786555 0.810403 0.786555 0.812081 0.789916 0.812081 0.789916 0.810403
0 0.094118 0.803691 0.094118 0.805369 0.095798 0.805369 0.097479 0.807047 0.099160 0.807047 0.099160 0.803691
0 0.803361 0.802013 0.803361 0.803691 0.801681 0.805369 0.801681 0.807047 0.806723 0.807047 0.806723 0.805369 0.808403 0.803691 0.808403 0.802013
0 0.178151 0.783557 0.176471 0.781879 0.173109 0.781879 0.171429 0.783557 0.164706 0.783557 0.164706 0.785235 0.168067 0.785235 0.169748 0.786913 0.169748 0.788591 0.171429 0.790268 0.173109 0.790268 0.178151 0.785235
0 0.157983 0.783557 0.159664 0.783557 0.159664 0.781879 0.161345 0.780201 0.166387 0.780201 0.166387 0.778523 0.157983 0.778523
0 0.766387 0.624161 0.766387 0.625839 0.768067 0.627517 0.769748 0.627517 0.773109 0.630872 0.774790 0.630872 0.774790 0.627517 0.773109 0.627517 0.771429 0.625839 0.771429 0.624161
0 0.794958 0.619128 0.791597 0.619128 0.788235 0.622483 0.784874 0.622483 0.784874 0.624161 0.786555 0.625839 0.784874 0.627517 0.781513 0.627517 0.781513 0.629195 0.788235 0.629195 0.789916 0.630872 0.791597 0.630872 0.791597 0.629195 0.793277 0.627517 0.793277 0.625839 0.791597 0.624161 0.794958 0.620805
0 0.768067 0.619128 0.768067 0.620805 0.771429 0.620805 0.771429 0.619128
0 0.788235 0.521812 0.789916 0.523490 0.793277 0.523490 0.794958 0.525168 0.798319 0.525168 0.800000 0.526846 0.798319 0.528523 0.798319 0.530201 0.796639 0.531879 0.794958 0.530201 0.789916 0.530201 0.789916 0.531879 0.794958 0.531879 0.796639 0.533557 0.798319 0.533557 0.800000 0.535235 0.810084 0.535235 0.810084 0.530201 0.806723 0.526846 0.806723 0.525168 0.805042 0.525168 0.805042 0.526846 0.803361 0.528523 0.801681 0.526846 0.800000 0.526846 0.798319 0.525168 0.798319 0.521812 0.796639 0.521812 0.794958 0.520134 0.793277 0.520134 0.791597 0.521812
0 0.473950 0.510067 0.473950 0.516779 0.485714 0.516779 0.485714 0.513423 0.482353 0.513423 0.480672 0.515101 0.478992 0.513423 0.478992 0.511745 0.477311 0.510067
0 0.300840 0.407718 0.297479 0.407718 0.295798 0.409396 0.295798 0.411074 0.294118 0.412752 0.292437 0.412752 0.292437 0.414430 0.299160 0.414430 0.300840 0.412752
0 0.174790 0.327181 0.174790 0.332215 0.178151 0.332215 0.181513 0.335570 0.181513 0.337248 0.186555 0.337248 0.188235 0.338926 0.193277 0.338926 0.194958 0.337248 0.196639 0.337248 0.198319 0.335570 0.200000 0.335570 0.200000 0.333893 0.193277 0.333893 0.189916 0.330537 0.184874 0.330537 0.184874 0.333893 0.183193 0.335570 0.181513 0.333893 0.181513 0.332215 0.178151 0.328859 0.178151 0.327181 0.179832 0.325503 0.181513 0.325503 0.181513 0.322148 0.179832 0.322148 0.178151 0.323826 0.176471 0.323826 0.176471 0.325503
0 0.721008 0.281879 0.721008 0.283557 0.726050 0.283557 0.726050 0.281879