0 0.589916 0.699664 0.589916 0.701342 0.593277 0.701342 0.593277 0.699664
0 0.579832 0.635906 0.576471 0.635906 0.574790 0.637584 0.574790 0.639262 0.578151 0.639262 0.579832 0.637584
0 0.495798 0.488255 0.492437 0.491611 0.492437 0.493289 0.490756 0.494966 0.490756 0.496644 0.494118 0.496644 0.495798 0.494966 0.499160 0.498322 0.499160 0.500000 0.504202 0.500000 0.505882 0.498322 0.505882 0.496644 0.504202 0.494966 0.500840 0.494966 0.499160 0.493289 0.497479 0.493289 0.495798 0.491611 0.497479 0.489933 0.497479 0.488255
0 0.381513 0.471477 0.381513 0.473154 0.383193 0.474832 0.386555 0.474832 0.386555 0.471477
0 0.374790 0.471477 0.374790 0.473154 0.378151 0.473154 0.378151 0.471477
0 0.368067 0.468121 0.364706 0.468121 0.363025 0.469799 0.363025 0.473154 0.364706 0.473154 0.366387 0.474832 0.364706 0.476510 0.363025 0.476510 0.363025 0.478188 0.361345 0.479866 0.359664 0.478188 0.356303 0.478188 0.356303 0.484899 0.354622 0.486577 0.352941 0.486577 0.352941 0.489933 0.354622 0.489933 0.357983 0.493289 0.364706 0.493289 0.364706 0.491611 0.363025 0.491611 0.361345 0.489933 0.361345 0.488255 0.359664 0.486577 0.361345 0.484899 0.366387 0.484899 0.366387 0.481544 0.364706 0.479866 0.366387 0.478188 0.366387 0.476510 0.368067 0.474832 0.368067 0.473154 0.369748 0.471477 0.369748 0.469799
0 0.552941 0.464765 0.549580 0.464765 0.547899 0.469799 0.544538 0.473154 0.544538 0.476510 0.541176 0.479866 0.541176 0.483221 0.542857 0.484899 0.541176 0.486577 0.537815 0.486577 0.537815 0.488255 0.534454 0.491611 0.531092 0.491611 0.531092 0.493289 0.529412 0.494966 0.527731 0.493289 0.526050 0.493289 0.524370 0.491611 0.524370 0.489933 0.522689 0.489933 0.517647 0.486577 0.515966 0.486577 0.515966 0.488255 0.517647 0.488255 0.519328 0.489933 0.519328 0.491611 0.521008 0.491611 0.522689 0.493289 0.522689 0.494966 0.526050 0.494966 0.527731 0.496644 0.532773 0.496644 0.534454 0.494966 0.536134 0.494966 0.536134 0.493289 0.539496 0.488255 0.542857 0.488255 0.544538 0.486577 0.547899 0.486577 0.549580 0.484899 0.547899 0.479866 0.552941 0.476510 0.552941 0.474832 0.551261 0.474832 0.549580 0.473154 0.552941 0.469799
0 0.521008 0.456376 0.521008 0.458054 0.524370 0.458054 0.524370 0.456376
0 0.529412 0.456376 0.529412 0.458054 0.534454 0.458054 0.534454 0.456376 0.532773 0.454698 0.531092 0.454698
0 0.231933 0.360738 0.231933 0.362416 0.235294 0.362416 0.235294 0.360738
0 0.282353 0.355705 0.280672 0.355705 0.280672 0.357383 0.278992 0.359060 0.270588 0.359060 0.270588 0.369128 0.268908 0.370805 0.270588 0.372483 0.272269 0.372483 0.272269 0.370805 0.273950 0.369128 0.277311 0.369128 0.278992 0.367450 0.284034 0.367450 0.284034 0.365772 0.282353 0.365772 0.280672 0.364094 0.277311 0.364094 0.275630 0.362416 0.277311 0.360738 0.284034 0.360738 0.284034 0.357383
0 0.221849 0.352349 0.221849 0.354027 0.225210 0.354027 0.225210 0.352349
0 0.319328 0.352349 0.321008 0.354027 0.326050 0.354027 0.326050 0.352349 0.324370 0.350671 0.321008 0.350671
0 0.285714 0.350671 0.285714 0.352349 0.289076 0.352349 0.290756 0.354027 0.290756 0.355705 0.295798 0.355705 0.300840 0.350671 0.302521 0.350671 0.304202 0.348993 0.305882 0.350671 0.307563 0.350671 0.309244 0.352349 0.315966 0.352349 0.315966 0.347315 0.314286 0.347315 0.312605 0.348993 0.310924 0.348993 0.309244 0.347315 0.307563 0.347315 0.305882 0.348993 0.304202 0.347315 0.299160 0.347315 0.299160 0.348993 0.297479 0.350671
0 0.292437 0.338926 0.287395 0.338926 0.287395 0.340604 0.285714 0.342282 0.284034 0.342282 0.282353 0.340604 0.280672 0.340604 0.278992 0.342282 0.278992 0.343960 0.282353 0.343960 0.284034 0.345638 0.292437 0.345638 0.292437 0.343960 0.287395 0.343960 0.285714 0.342282 0.287395 0.340604 0.292437 0.340604
0 0.203361 0.337248 0.200000 0.337248 0.200000 0.338926 0.198319 0.340604 0.198319 0.342282 0.200000 0.342282 0.200000 0.340604 0.201681 0.338926 0.203361 0.338926
0 0.347899 0.335570 0.341176 0.335570 0.339496 0.337248 0.337815 0.337248 0.337815 0.340604 0.339496 0.342282 0.337815 0.343960 0.334454 0.343960 0.332773 0.345638 0.329412 0.345638 0.329412 0.347315 0.332773 0.347315 0.334454 0.348993 0.336134 0.348993 0.337815 0.347315 0.337815 0.345638 0.339496 0.343960 0.342857 0.343960 0.342857 0.342282 0.344538 0.340604 0.344538 0.338926 0.342857 0.337248 0.344538 0.335570
0 0.295798 0.335570 0.295798 0.337248 0.299160 0.337248 0.300840 0.335570 0.302521 0.337248 0.302521 0.338926 0.305882 0.338926 0.305882 0.337248 0.304202 0.337248 0.302521 0.335570 0.302521 0.333893 0.300840 0.333893 0.299160 0.335570
0 0.277311 0.332215 0.277311 0.333893 0.278992 0.335570 0.280672 0.335570 0.280672 0.332215
0 0.366387 0.327181 0.364706 0.327181 0.364706 0.328859 0.363025 0.330537 0.361345 0.330537 0.361345 0.332215 0.359664 0.333893 0.357983 0.332215 0.356303 0.332215 0.356303 0.333893 0.357983 0.333893 0.359664 0.335570 0.363025 0.335570 0.363025 0.333893 0.364706 0.332215 0.366387 0.332215
0 0.351261 0.325503 0.351261 0.328859 0.354622 0.328859 0.354622 0.327181 0.352941 0.325503
0 0.337815 0.323826 0.337815 0.325503 0.339496 0.327181 0.339496 0.328859 0.341176 0.330537 0.341176 0.332215 0.342857 0.332215 0.342857 0.328859 0.341176 0.327181 0.341176 0.323826
0 0.263866 0.318792 0.263866 0.317114 0.260504 0.317114 0.258824 0.315436 0.260504 0.313758 0.262185 0.313758 0.262185 0.310403 0.258824 0.310403 0.257143 0.312081 0.250420 0.312081 0.248739 0.313758 0.247059 0.313758 0.247059 0.315436 0.248739 0.317114 0.250420 0.317114 0.252101 0.315436 0.253782 0.315436 0.255462 0.317114 0.258824 0.317114 0.260504 0.318792
0 0.304202 0.302013 0.304202 0.303691 0.307563 0.307047 0.307563 0.308725 0.309244 0.308725 0.309244 0.305369 0.307563 0.303691 0.307563 0.302013
0 0.396639 0.258389 0.396639 0.260067 0.398319 0.261745 0.398319 0.263423 0.400000 0.263423 0.400000 0.260067 0.398319 0.258389
0 0.411765 0.238255 0.410084 0.238255 0.408403 0.236577 0.406723 0.236577 0.405042 0.238255 0.403361 0.236577 0.403361 0.234899 0.400000 0.234899 0.400000 0.236577 0.403361 0.236577 0.405042 0.238255 0.403361 0.239933 0.403361 0.241611 0.401681 0.243289 0.400000 0.241611 0.398319 0.241611 0.398319 0.244966 0.396639 0.246644 0.393277 0.246644 0.391597 0.248322 0.389916 0.248322 0.388235 0.250000 0.388235 0.251678 0.389916 0.251678 0.391597 0.253356 0.393277 0.253356 0.396639 0.250000 0.398319 0.250000 0.398319 0.246644 0.400000 0.244966 0.401681 0.244966 0.401681 0.243289 0.403361 0.241611 0.405042 0.241611 0.406723 0.239933 0.408403 0.239933 0.410084 0.238255
0 0.475630 0.229866 0.475630 0.231544 0.478992 0.231544 0.478992 0.229866
0 0.504202 0.223154 0.497479 0.223154 0.497479 0.224832 0.495798 0.226510 0.492437 0.226510 0.490756 0.224832 0.487395 0.224832 0.487395 0.226510 0.485714 0.228188 0.485714 0.229866 0.487395 0.229866 0.487395 0.228188 0.489076 0.226510 0.490756 0.226510 0.492437 0.228188 0.495798 0.228188 0.495798 0.226510 0.497479 0.224832 0.499160 0.226510 0.502521 0.226510 0.504202 0.224832
0 0.394958 0.219799 0.394958 0.223154 0.398319 0.223154 0.400000 0.224832 0.400000 0.226510 0.401681 0.228188 0.406723 0.228188 0.410084 0.224832 0.410084 0.223154 0.406723 0.223154 0.403361 0.226510 0.401681 0.224832 0.400000 0.224832 0.398319 0.223154 0.398319 0.221477 0.396639 0.219799
0 0.490756 0.211409 0.490756 0.213087 0.492437 0.213087 0.494118 0.214765 0.495798 0.214765 0.495798 0.211409
0 0.477311 0.208054 0.477311 0.209732 0.482353 0.209732 0.484034 0.211409 0.485714 0.211409 0.485714 0.209732 0.482353 0.209732 0.480672 0.208054
0 0.495798 0.157718 0.492437 0.157718 0.490756 0.159396 0.489076 0.159396 0.487395 0.161074 0.485714 0.161074 0.485714 0.164430 0.490756 0.164430 0.490756 0.162752 0.492437 0.161074 0.494118 0.161074 0.495798 0.159396
0 0.401681 0.152685 0.400000 0.152685 0.396639 0.156040 0.396639 0.157718 0.401681 0.157718
0 0.068908 0.107383 0.067227 0.107383 0.065546 0.105705 0.063866 0.105705 0.062185 0.107383 0.062185 0.109060 0.060504 0.110738 0.057143 0.110738 0.057143 0.114094 0.058824 0.114094 0.060504 0.115772 0.058824 0.117450 0.058824 0.119128 0.063866 0.119128 0.063866 0.117450 0.062185 0.115772 0.063866 0.114094 0.065546 0.114094 0.067227 0.112416 0.067227 0.110738 0.068908 0.109060
0 0.072269 0.083893 0.072269 0.085570 0.073950 0.087248 0.073950 0.088926 0.075630 0.088926 0.075630 0.087248 0.073950 0.085570 0.073950 0.083893
0 0.080672 0.088926 0.082353 0.090604 0.084034 0.090604 0.085714 0.088926 0.089076 0.088926 0.092437 0.085570 0.092437 0.083893 0.094118 0.082215 0.094118 0.080537 0.089076 0.080537 0.087395 0.078859 0.080672 0.078859 0.080672 0.082215 0.082353 0.083893 0.082353 0.085570 0.080672 0.087248
0 0.000000 0.050336 0.000000 0.053691 0.001681 0.055369 0.001681 0.057047 0.003361 0.057047 0.003361 0.055369 0.005042 0.053691 0.005042 0.050336
0 0.087395 0.038591 0.087395 0.043624 0.090756 0.043624 0.090756 0.041946 0.092437 0.040268 0.092437 0.038591
0 0.073950 0.036913 0.073950 0.038591 0.077311 0.038591 0.077311 0.036913
0 0.070588 0.035235 0.067227 0.035235 0.065546 0.033557 0.063866 0.033557 0.062185 0.035235 0.060504 0.035235 0.058824 0.036913 0.057143 0.036913 0.057143 0.041946 0.055462 0.043624 0.053782 0.043624 0.052101 0.041946 0.050420 0.041946 0.050420 0.043624 0.055462 0.048658 0.057143 0.048658 0.058824 0.050336 0.060504 0.050336 0.060504 0.048658 0.058824 0.046980 0.060504 0.045302 0.062185 0.045302 0.063866 0.043624 0.063866 0.041946 0.067227 0.038591 0.070588 0.038591