0 0.463866 0.496644 0.463866 0.498322 0.468908 0.498322 0.468908 0.496644 0.467227 0.494966 0.465546 0.494966
0 0.494118 0.486577 0.495798 0.488255 0.495798 0.489933 0.497479 0.491611 0.502521 0.491611 0.504202 0.493289 0.507563 0.493289 0.509244 0.491611 0.512605 0.491611 0.512605 0.489933 0.514286 0.488255 0.515966 0.488255 0.515966 0.486577 0.509244 0.486577 0.507563 0.488255 0.502521 0.488255 0.500840 0.486577 0.499160 0.486577 0.497479 0.484899 0.495798 0.484899
0 0.356303 0.486577 0.356303 0.488255 0.357983 0.489933 0.357983 0.491611 0.359664 0.491611 0.361345 0.489933 0.363025 0.491611 0.366387 0.491611 0.368067 0.493289 0.371429 0.493289 0.373109 0.491611 0.378151 0.491611 0.378151 0.489933 0.373109 0.489933 0.371429 0.488255 0.371429 0.486577 0.369748 0.484899 0.364706 0.484899 0.363025 0.486577 0.361345 0.484899 0.357983 0.484899
0 0.384874 0.473154 0.381513 0.473154 0.379832 0.471477 0.378151 0.471477 0.376471 0.473154 0.364706 0.473154 0.363025 0.474832 0.359664 0.474832 0.359664 0.476510 0.364706 0.476510 0.366387 0.474832 0.374790 0.474832 0.376471 0.476510 0.379832 0.476510 0.381513 0.478188 0.381513 0.479866 0.383193 0.479866 0.383193 0.478188 0.384874 0.476510
0 0.549580 0.466443 0.547899 0.466443 0.546218 0.464765 0.542857 0.464765 0.542857 0.466443 0.544538 0.466443 0.546218 0.468121 0.546218 0.469799 0.544538 0.471477 0.541176 0.471477 0.539496 0.473154 0.537815 0.473154 0.537815 0.474832 0.534454 0.478188 0.532773 0.478188 0.532773 0.479866 0.531092 0.481544 0.529412 0.481544 0.529412 0.483221 0.526050 0.486577 0.522689 0.486577 0.521008 0.488255 0.521008 0.489933 0.522689 0.491611 0.524370 0.491611 0.526050 0.489933 0.527731 0.491611 0.532773 0.491611 0.532773 0.489933 0.534454 0.488255 0.534454 0.484899 0.536134 0.483221 0.537815 0.483221 0.541176 0.479866 0.542857 0.479866 0.544538 0.478188 0.546218 0.478188 0.546218 0.474832 0.544538 0.473154 0.549580 0.469799
0 0.536134 0.456376 0.531092 0.456376 0.527731 0.459732 0.526050 0.458054 0.526050 0.456376 0.522689 0.456376 0.521008 0.458054 0.512605 0.458054 0.512605 0.459732 0.510924 0.461409 0.509244 0.461409 0.509244 0.463087 0.512605 0.463087 0.514286 0.464765 0.512605 0.466443 0.512605 0.469799 0.519328 0.469799 0.522689 0.466443 0.524370 0.466443 0.526050 0.468121 0.527731 0.468121 0.529412 0.466443 0.531092 0.466443 0.531092 0.464765 0.532773 0.463087 0.534454 0.463087 0.534454 0.459732 0.536134 0.458054
0 0.403361 0.427852 0.403361 0.431208 0.405042 0.431208 0.405042 0.427852
0 0.337815 0.414430 0.336134 0.412752 0.334454 0.412752 0.334454 0.414430 0.332773 0.416107 0.329412 0.416107 0.329412 0.417785 0.336134 0.417785 0.337815 0.416107
0 0.255462 0.374161 0.252101 0.374161 0.252101 0.375839 0.250420 0.377517 0.248739 0.377517 0.247059 0.379195 0.247059 0.380872 0.250420 0.380872 0.250420 0.377517 0.252101 0.375839 0.255462 0.375839
0 0.282353 0.354027 0.280672 0.354027 0.278992 0.355705 0.277311 0.355705 0.275630 0.357383 0.272269 0.357383 0.270588 0.359060 0.270588 0.364094 0.268908 0.365772 0.268908 0.370805 0.267227 0.372483 0.262185 0.372483 0.262185 0.375839 0.267227 0.375839 0.270588 0.372483 0.270588 0.370805 0.272269 0.369128 0.273950 0.369128 0.273950 0.364094 0.272269 0.362416 0.273950 0.360738 0.275630 0.360738 0.277311 0.359060 0.278992 0.359060 0.282353 0.355705
0 0.206723 0.338926 0.205042 0.338926 0.203361 0.340604 0.201681 0.340604 0.201681 0.343960 0.208403 0.343960 0.208403 0.342282 0.206723 0.340604
0 0.216807 0.337248 0.216807 0.338926 0.218487 0.338926 0.220168 0.340604 0.226891 0.340604 0.228571 0.342282 0.226891 0.343960 0.225210 0.343960 0.225210 0.345638 0.223529 0.347315 0.223529 0.348993 0.225210 0.348993 0.226891 0.350671 0.225210 0.352349 0.223529 0.352349 0.223529 0.354027 0.228571 0.354027 0.230252 0.355705 0.228571 0.357383 0.228571 0.359060 0.230252 0.359060 0.231933 0.360738 0.240336 0.360738 0.240336 0.359060 0.238655 0.357383 0.238655 0.354027 0.240336 0.352349 0.240336 0.348993 0.242017 0.347315 0.236975 0.347315 0.235294 0.345638 0.236975 0.343960 0.240336 0.343960 0.240336 0.342282 0.236975 0.342282 0.235294 0.343960 0.233613 0.343960 0.231933 0.342282 0.228571 0.342282 0.226891 0.340604 0.226891 0.338926 0.223529 0.338926 0.221849 0.337248
0 0.304202 0.337248 0.304202 0.338926 0.307563 0.338926 0.309244 0.340604 0.310924 0.340604 0.312605 0.342282 0.312605 0.345638 0.314286 0.347315 0.324370 0.347315 0.324370 0.345638 0.326050 0.343960 0.327731 0.343960 0.331092 0.338926 0.334454 0.338926 0.336134 0.340604 0.337815 0.340604 0.339496 0.338926 0.341176 0.338926 0.341176 0.337248 0.331092 0.337248 0.329412 0.338926 0.324370 0.338926 0.321008 0.335570 0.319328 0.335570 0.317647 0.337248 0.315966 0.337248 0.315966 0.338926 0.314286 0.340604 0.309244 0.337248
0 0.273950 0.333893 0.273950 0.337248 0.272269 0.338926 0.272269 0.340604 0.275630 0.340604 0.277311 0.338926 0.278992 0.340604 0.278992 0.342282 0.280672 0.343960 0.280672 0.345638 0.282353 0.347315 0.285714 0.347315 0.285714 0.343960 0.284034 0.343960 0.282353 0.342282 0.282353 0.338926 0.278992 0.338926 0.275630 0.335570 0.275630 0.333893
0 0.228571 0.333893 0.228571 0.335570 0.230252 0.337248 0.236975 0.337248 0.236975 0.333893 0.235294 0.333893 0.233613 0.335570 0.231933 0.335570 0.230252 0.333893
0 0.315966 0.327181 0.314286 0.327181 0.312605 0.328859 0.307563 0.328859 0.307563 0.330537 0.315966 0.330537
0 0.334454 0.322148 0.334454 0.323826 0.339496 0.323826 0.341176 0.325503 0.339496 0.327181 0.337815 0.327181 0.337815 0.328859 0.336134 0.330537 0.336134 0.332215 0.337815 0.332215 0.339496 0.333893 0.341176 0.333893 0.341176 0.332215 0.339496 0.330537 0.339496 0.327181 0.341176 0.325503 0.342857 0.325503 0.344538 0.327181 0.344538 0.332215 0.347899 0.332215 0.349580 0.330537 0.351261 0.330537 0.352941 0.332215 0.361345 0.332215 0.361345 0.330537 0.363025 0.328859 0.364706 0.328859 0.364706 0.325503 0.359664 0.325503 0.359664 0.328859 0.357983 0.330537 0.354622 0.330537 0.352941 0.328859 0.349580 0.328859 0.347899 0.327181 0.344538 0.327181 0.341176 0.322148
0 0.302521 0.322148 0.304202 0.322148 0.305882 0.323826 0.307563 0.323826 0.307563 0.322148 0.305882 0.320470 0.304202 0.320470
0 0.250420 0.320470 0.250420 0.322148 0.260504 0.322148 0.260504 0.318792 0.252101 0.318792
0 0.305882 0.302013 0.305882 0.305369 0.309244 0.308725 0.309244 0.310403 0.307563 0.312081 0.307563 0.315436 0.309244 0.315436 0.310924 0.313758 0.310924 0.312081 0.312605 0.310403 0.314286 0.310403 0.314286 0.307047 0.309244 0.302013
0 0.215126 0.288591 0.215126 0.293624 0.216807 0.295302 0.221849 0.295302 0.223529 0.293624 0.230252 0.293624 0.231933 0.291946 0.231933 0.290268 0.230252 0.290268 0.228571 0.288591 0.220168 0.288591 0.220168 0.290268 0.218487 0.291946 0.216807 0.290268 0.216807 0.288591
0 0.415126 0.253356 0.413445 0.253356 0.411765 0.251678 0.411765 0.250000 0.410084 0.250000 0.410084 0.251678 0.408403 0.253356 0.406723 0.253356 0.405042 0.255034 0.403361 0.255034 0.403361 0.258389 0.405042 0.258389 0.406723 0.260067 0.411765 0.260067 0.411765 0.258389 0.408403 0.255034 0.408403 0.253356 0.410084 0.251678 0.411765 0.251678 0.413445 0.253356 0.413445 0.255034 0.415126 0.255034
0 0.400000 0.226510 0.396639 0.226510 0.394958 0.231544 0.393277 0.233221 0.391597 0.233221 0.391597 0.234899 0.394958 0.234899 0.396639 0.236577 0.396639 0.239933 0.394958 0.241611 0.394958 0.246644 0.393277 0.248322 0.393277 0.253356 0.394958 0.253356 0.396639 0.255034 0.396639 0.258389 0.398319 0.258389 0.398319 0.253356 0.396639 0.251678 0.398319 0.250000 0.400000 0.250000 0.400000 0.248322 0.398319 0.248322 0.396639 0.246644 0.398319 0.244966 0.400000 0.244966 0.400000 0.241611 0.401681 0.239933 0.403361 0.239933 0.405042 0.238255 0.406723 0.239933 0.408403 0.239933 0.410084 0.238255 0.410084 0.236577 0.408403 0.234899 0.400000 0.234899 0.398319 0.236577 0.396639 0.234899 0.396639 0.233221 0.398319 0.231544 0.400000 0.231544
0 0.475630 0.223154 0.475630 0.229866 0.477311 0.231544 0.484034 0.231544 0.485714 0.229866 0.487395 0.229866 0.487395 0.228188 0.489076 0.226510 0.489076 0.224832 0.487395 0.223154 0.487395 0.221477 0.480672 0.221477 0.480672 0.223154 0.478992 0.224832 0.477311 0.223154
0 0.394958 0.219799 0.389916 0.219799 0.388235 0.221477 0.388235 0.223154 0.386555 0.224832 0.384874 0.224832 0.383193 0.223154 0.383193 0.221477 0.378151 0.221477 0.376471 0.223154 0.374790 0.223154 0.374790 0.224832 0.383193 0.224832 0.384874 0.226510 0.381513 0.229866 0.379832 0.229866 0.379832 0.231544 0.384874 0.231544 0.389916 0.226510 0.393277 0.226510 0.393277 0.223154 0.394958 0.221477
0 0.494118 0.216443 0.494118 0.219799 0.492437 0.221477 0.492437 0.223154 0.494118 0.224832 0.499160 0.224832 0.499160 0.221477 0.495798 0.218121 0.495798 0.216443
0 0.480672 0.196309 0.477311 0.196309 0.473950 0.199664 0.472269 0.197987 0.470588 0.197987 0.470588 0.199664 0.468908 0.201342 0.468908 0.204698 0.467227 0.206376 0.467227 0.208054 0.468908 0.209732 0.470588 0.209732 0.470588 0.204698 0.472269 0.203020 0.473950 0.203020 0.475630 0.204698 0.473950 0.206376 0.473950 0.209732 0.478992 0.209732 0.478992 0.208054 0.477311 0.206376 0.477311 0.204698 0.475630 0.204698 0.473950 0.203020 0.473950 0.201342 0.475630 0.199664 0.477311 0.199664 0.478992 0.197987 0.480672 0.197987
0 0.420168 0.162752 0.420168 0.164430 0.423529 0.164430 0.423529 0.162752
0 0.475630 0.156040 0.475630 0.159396 0.477311 0.159396 0.478992 0.157718 0.480672 0.159396 0.480672 0.161074 0.482353 0.162752 0.484034 0.162752 0.485714 0.161074 0.487395 0.161074 0.489076 0.159396 0.490756 0.159396 0.490756 0.156040 0.489076 0.156040 0.485714 0.159396 0.484034 0.157718 0.484034 0.156040
0 0.401681 0.151007 0.401681 0.156040 0.400000 0.157718 0.400000 0.159396 0.406723 0.159396 0.408403 0.157718 0.408403 0.156040 0.406723 0.154362 0.408403 0.152685 0.411765 0.152685 0.413445 0.154362 0.413445 0.156040 0.425210 0.156040 0.426891 0.157718 0.426891 0.161074 0.428571 0.162752 0.431933 0.162752 0.431933 0.161074 0.430252 0.161074 0.428571 0.159396 0.430252 0.157718 0.430252 0.154362 0.423529 0.154362 0.421849 0.152685 0.416807 0.152685 0.415126 0.154362 0.413445 0.154362 0.411765 0.152685 0.411765 0.151007 0.410084 0.151007 0.408403 0.152685 0.406723 0.152685 0.405042 0.151007
0 0.494118 0.149329 0.494118 0.151007 0.495798 0.152685 0.497479 0.152685 0.497479 0.149329
0 0.480672 0.142617 0.478992 0.142617 0.477311 0.144295 0.477311 0.145973 0.478992 0.145973 0.480672 0.144295
0 0.028571 0.139262 0.028571 0.140940 0.031933 0.140940 0.031933 0.139262
0 0.060504 0.117450 0.057143 0.117450 0.055462 0.119128 0.055462 0.120805 0.057143 0.122483 0.057143 0.124161 0.055462 0.125839 0.052101 0.125839 0.050420 0.127517 0.048739 0.127517 0.047059 0.129195 0.047059 0.132550 0.045378 0.134228 0.042017 0.134228 0.040336 0.135906 0.036975 0.135906 0.036975 0.137584 0.040336 0.137584 0.042017 0.135906 0.045378 0.135906 0.045378 0.134228 0.047059 0.132550 0.048739 0.132550 0.050420 0.130872 0.052101 0.130872 0.052101 0.129195 0.053782 0.127517 0.058824 0.127517 0.058824 0.122483 0.060504 0.120805
0 0.067227 0.100671 0.065546 0.100671 0.065546 0.102349 0.063866 0.104027 0.062185 0.104027 0.062185 0.105705 0.058824 0.109060 0.055462 0.109060 0.052101 0.112416 0.052101 0.115772 0.053782 0.115772 0.053782 0.114094 0.055462 0.112416 0.060504 0.112416 0.062185 0.110738 0.063866 0.110738 0.065546 0.109060 0.065546 0.107383 0.063866 0.105705 0.063866 0.104027 0.065546 0.102349 0.067227 0.102349
0 0.078992 0.072148 0.075630 0.072148 0.073950 0.073826 0.073950 0.075503 0.075630 0.077181 0.075630 0.078859 0.072269 0.082215 0.070588 0.082215 0.070588 0.083893 0.073950 0.087248 0.073950 0.090604 0.075630 0.090604 0.075630 0.088926 0.082353 0.082215 0.082353 0.080537 0.080672 0.078859 0.078992 0.078859 0.077311 0.077181 0.077311 0.075503 0.078992 0.073826
0 0.030252 0.058725 0.030252 0.060403 0.033613 0.060403 0.033613 0.058725
0 0.050420 0.043624 0.050420 0.045302 0.055462 0.050336 0.060504 0.050336 0.060504 0.048658 0.058824 0.046980 0.057143 0.046980 0.053782 0.043624
0 0.013445 0.043624 0.011765 0.043624 0.010084 0.045302 0.008403 0.043624 0.006723 0.043624 0.005042 0.045302 0.003361 0.045302 0.001681 0.046980 0.000000 0.046980 0.000000 0.048658 0.003361 0.052013 0.001681 0.053691 0.000000 0.053691 0.000000 0.057047 0.001681 0.057047 0.005042 0.053691 0.006723 0.053691 0.006723 0.052013 0.008403 0.050336 0.011765 0.050336 0.011765 0.048658 0.013445 0.046980
0 0.078992 0.038591 0.075630 0.038591 0.073950 0.040268 0.073950 0.041946 0.077311 0.041946 0.078992 0.040268
0 0.115966 0.036913 0.115966 0.038591 0.117647 0.038591 0.119328 0.040268 0.121008 0.040268 0.121008 0.036913
0 0.063866 0.036913 0.063866 0.040268 0.062185 0.041946 0.062185 0.043624 0.067227 0.043624 0.067227 0.041946 0.068908 0.040268 0.070588 0.040268 0.070588 0.038591 0.068908 0.036913