0 0.589916 0.699664 0.589916 0.701342 0.593277 0.701342 0.593277 0.699664
0 0.914286 0.592282 0.914286 0.593960 0.922689 0.593960 0.922689 0.592282 0.921008 0.592282 0.919328 0.590604 0.917647 0.590604 0.915966 0.592282
0 0.366387 0.493289 0.366387 0.496644 0.369748 0.496644 0.371429 0.494966 0.371429 0.493289
0 0.485714 0.494966 0.485714 0.496644 0.487395 0.498322 0.487395 0.500000 0.489076 0.501678 0.489076 0.503356 0.490756 0.505034 0.490756 0.506711 0.494118 0.506711 0.495798 0.505034 0.497479 0.505034 0.499160 0.506711 0.505882 0.506711 0.510924 0.503356 0.512605 0.505034 0.517647 0.505034 0.519328 0.503356 0.521008 0.503356 0.521008 0.498322 0.519328 0.496644 0.514286 0.496644 0.512605 0.498322 0.509244 0.498322 0.509244 0.500000 0.505882 0.503356 0.502521 0.503356 0.500840 0.501678 0.502521 0.500000 0.502521 0.498322 0.500840 0.498322 0.499160 0.496644 0.494118 0.496644 0.490756 0.493289 0.490756 0.491611 0.489076 0.491611 0.489076 0.493289 0.487395 0.494966
0 0.492437 0.484899 0.492437 0.486577 0.494118 0.488255 0.497479 0.488255 0.497479 0.486577 0.495798 0.484899
0 0.344538 0.484899 0.344538 0.486577 0.346218 0.486577 0.347899 0.488255 0.347899 0.493289 0.349580 0.493289 0.351261 0.494966 0.352941 0.494966 0.354622 0.493289 0.356303 0.493289 0.357983 0.494966 0.363025 0.494966 0.363025 0.493289 0.361345 0.491611 0.359664 0.491611 0.357983 0.489933 0.356303 0.489933 0.354622 0.488255 0.356303 0.486577 0.356303 0.484899 0.357983 0.483221 0.357983 0.481544 0.356303 0.481544 0.356303 0.483221 0.351261 0.488255 0.347899 0.488255 0.346218 0.486577 0.346218 0.484899
0 0.494118 0.478188 0.494118 0.479866 0.497479 0.479866 0.499160 0.481544 0.500840 0.481544 0.502521 0.479866 0.500840 0.478188 0.500840 0.476510 0.495798 0.476510
0 0.383193 0.473154 0.383193 0.474832 0.388235 0.474832 0.388235 0.473154
0 0.366387 0.471477 0.361345 0.471477 0.359664 0.473154 0.359664 0.476510 0.361345 0.478188 0.363025 0.478188 0.364706 0.476510 0.363025 0.474832 0.364706 0.473154 0.366387 0.473154
0 0.561345 0.469799 0.559664 0.469799 0.557983 0.471477 0.552941 0.466443 0.551261 0.466443 0.551261 0.468121 0.549580 0.469799 0.547899 0.468121 0.546218 0.468121 0.546218 0.469799 0.551261 0.473154 0.551261 0.474832 0.549580 0.476510 0.547899 0.474832 0.546218 0.474832 0.546218 0.483221 0.547899 0.483221 0.549580 0.484899 0.547899 0.486577 0.544538 0.486577 0.544538 0.488255 0.542857 0.489933 0.541176 0.488255 0.541176 0.486577 0.531092 0.486577 0.529412 0.491611 0.532773 0.491611 0.534454 0.493289 0.532773 0.494966 0.532773 0.496644 0.534454 0.496644 0.539496 0.493289 0.549580 0.493289 0.552941 0.488255 0.557983 0.488255 0.559664 0.486577 0.559664 0.484899 0.557983 0.483221 0.557983 0.479866 0.563025 0.474832
0 0.389916 0.456376 0.389916 0.458054 0.393277 0.458054 0.393277 0.456376
0 0.386555 0.459732 0.384874 0.458054 0.384874 0.454698 0.381513 0.451342 0.381513 0.449664 0.374790 0.449664 0.374790 0.451342 0.371429 0.454698 0.371429 0.456376 0.369748 0.458054 0.368067 0.458054 0.364706 0.454698 0.361345 0.454698 0.356303 0.459732 0.356303 0.463087 0.354622 0.464765 0.354622 0.466443 0.356303 0.468121 0.374790 0.468121 0.378151 0.463087 0.381513 0.463087 0.381513 0.461409 0.383193 0.459732 0.384874 0.461409 0.386555 0.461409
0 0.400000 0.427852 0.400000 0.429530 0.401681 0.431208 0.403361 0.431208 0.403361 0.427852
0 0.336134 0.416107 0.336134 0.417785 0.339496 0.417785 0.339496 0.416107
0 0.245378 0.375839 0.245378 0.377517 0.253782 0.377517 0.253782 0.375839
0 0.257143 0.372483 0.257143 0.374161 0.258824 0.375839 0.260504 0.375839 0.262185 0.377517 0.265546 0.377517 0.267227 0.375839 0.268908 0.375839 0.267227 0.374161 0.265546 0.374161 0.263866 0.372483 0.263866 0.370805 0.258824 0.370805
0 0.299160 0.357383 0.300840 0.357383 0.302521 0.355705 0.307563 0.355705 0.309244 0.354027 0.310924 0.354027 0.310924 0.352349 0.305882 0.352349 0.304202 0.350671 0.300840 0.350671 0.300840 0.352349 0.302521 0.354027 0.300840 0.355705 0.299160 0.355705
0 0.278992 0.350671 0.278992 0.355705 0.277311 0.357383 0.277311 0.359060 0.275630 0.360738 0.273950 0.359060 0.272269 0.359060 0.270588 0.360738 0.270588 0.362416 0.273950 0.362416 0.277311 0.365772 0.275630 0.367450 0.273950 0.367450 0.273950 0.369128 0.278992 0.369128 0.280672 0.367450 0.282353 0.369128 0.285714 0.369128 0.285714 0.367450 0.282353 0.364094 0.282353 0.362416 0.284034 0.360738 0.285714 0.360738 0.285714 0.359060 0.287395 0.357383 0.292437 0.357383 0.292437 0.354027 0.289076 0.350671
0 0.216807 0.348993 0.216807 0.354027 0.218487 0.354027 0.218487 0.352349 0.220168 0.350671 0.221849 0.350671 0.223529 0.352349 0.221849 0.354027 0.221849 0.355705 0.220168 0.357383 0.218487 0.357383 0.218487 0.359060 0.221849 0.359060 0.223529 0.360738 0.223529 0.365772 0.226891 0.365772 0.226891 0.364094 0.228571 0.362416 0.231933 0.362416 0.233613 0.364094 0.235294 0.364094 0.236975 0.362416 0.243697 0.362416 0.243697 0.360738 0.240336 0.360738 0.238655 0.359060 0.230252 0.359060 0.228571 0.357383 0.228571 0.352349 0.226891 0.352349 0.225210 0.350671 0.225210 0.348993 0.223529 0.348993 0.221849 0.350671 0.220168 0.348993
0 0.240336 0.347315 0.240336 0.348993 0.243697 0.348993 0.243697 0.347315
0 0.193277 0.343960 0.193277 0.347315 0.194958 0.347315 0.196639 0.348993 0.196639 0.350671 0.200000 0.350671 0.201681 0.348993 0.203361 0.350671 0.203361 0.352349 0.206723 0.352349 0.208403 0.350671 0.208403 0.348993 0.210084 0.347315 0.211765 0.348993 0.213445 0.348993 0.213445 0.347315 0.211765 0.345638 0.210084 0.345638 0.208403 0.347315 0.200000 0.347315 0.196639 0.343960
0 0.359664 0.333893 0.354622 0.333893 0.351261 0.337248 0.346218 0.337248 0.346218 0.340604 0.347899 0.342282 0.351261 0.342282 0.352941 0.340604 0.356303 0.340604 0.356303 0.337248 0.357983 0.335570 0.359664 0.335570
0 0.292437 0.335570 0.292437 0.338926 0.297479 0.338926 0.299160 0.337248 0.309244 0.337248 0.309244 0.335570 0.307563 0.333893 0.304202 0.333893 0.302521 0.335570 0.300840 0.335570 0.299160 0.333893 0.297479 0.333893 0.295798 0.335570
0 0.280672 0.333893 0.280672 0.335570 0.284034 0.335570 0.285714 0.337248 0.287395 0.337248 0.287395 0.335570 0.284034 0.332215 0.282353 0.332215
0 0.236975 0.332215 0.233613 0.332215 0.231933 0.330537 0.228571 0.330537 0.225210 0.335570 0.223529 0.333893 0.215126 0.333893 0.213445 0.332215 0.205042 0.332215 0.205042 0.333893 0.203361 0.335570 0.200000 0.335570 0.198319 0.337248 0.198319 0.338926 0.200000 0.338926 0.203361 0.335570 0.205042 0.337248 0.206723 0.337248 0.208403 0.335570 0.210084 0.337248 0.210084 0.340604 0.215126 0.340604 0.215126 0.338926 0.216807 0.337248 0.221849 0.338926 0.223529 0.337248 0.225210 0.337248 0.225210 0.335570 0.226891 0.333893 0.228571 0.335570 0.228571 0.338926 0.230252 0.338926 0.230252 0.337248 0.231933 0.335570 0.235294 0.335570 0.235294 0.333893
0 0.356303 0.323826 0.356303 0.330537 0.357983 0.330537 0.357983 0.328859 0.359664 0.327181 0.361345 0.327181 0.361345 0.325503 0.359664 0.325503 0.357983 0.323826
0 0.304202 0.320470 0.302521 0.320470 0.300840 0.322148 0.299160 0.322148 0.299160 0.325503 0.300840 0.327181 0.304202 0.327181 0.304202 0.325503 0.302521 0.323826 0.304202 0.322148
0 0.248739 0.310403 0.248739 0.312081 0.260504 0.312081 0.262185 0.313758 0.262185 0.317114 0.260504 0.318792 0.258824 0.318792 0.258824 0.320470 0.265546 0.320470 0.267227 0.322148 0.267227 0.323826 0.273950 0.323826 0.273950 0.322148 0.272269 0.322148 0.270588 0.320470 0.268908 0.320470 0.265546 0.317114 0.268908 0.313758 0.270588 0.313758 0.270588 0.312081 0.268908 0.310403 0.268908 0.308725 0.267227 0.308725 0.265546 0.307047 0.252101 0.307047 0.252101 0.308725 0.250420 0.310403
0 0.305882 0.303691 0.304202 0.305369 0.304202 0.307047 0.305882 0.308725 0.305882 0.310403 0.310924 0.310403 0.310924 0.308725 0.309244 0.307047 0.310924 0.305369 0.310924 0.303691
0 0.236975 0.286913 0.231933 0.286913 0.231933 0.288591 0.230252 0.290268 0.230252 0.291946 0.228571 0.293624 0.226891 0.293624 0.226891 0.295302 0.228571 0.296980 0.233613 0.296980 0.235294 0.295302 0.236975 0.295302 0.236975 0.293624 0.235294 0.291946 0.236975 0.290268
0 0.403361 0.255034 0.403361 0.256711 0.405042 0.256711 0.406723 0.258389 0.406723 0.260067 0.408403 0.260067 0.410084 0.258389 0.410084 0.256711 0.408403 0.256711 0.406723 0.255034
0 0.396639 0.244966 0.394958 0.244966 0.393277 0.246644 0.391597 0.246644 0.391597 0.248322 0.393277 0.248322 0.394958 0.246644 0.396639 0.246644
0 0.400000 0.243289 0.400000 0.244966 0.403361 0.244966 0.405042 0.246644 0.408403 0.246644 0.408403 0.243289 0.405042 0.243289 0.403361 0.241611 0.401681 0.241611
0 0.405042 0.231544 0.403361 0.229866 0.401681 0.229866 0.398319 0.233221 0.396639 0.233221 0.396639 0.236577 0.401681 0.236577 0.403361 0.234899 0.405042 0.234899
0 0.470588 0.221477 0.470588 0.223154 0.475630 0.223154 0.475630 0.221477 0.473950 0.219799 0.472269 0.219799
0 0.381513 0.218121 0.381513 0.219799 0.388235 0.219799 0.388235 0.218121 0.386555 0.216443 0.383193 0.216443
0 0.391597 0.224832 0.393277 0.224832 0.394958 0.226510 0.398319 0.226510 0.400000 0.224832 0.405042 0.224832 0.406723 0.223154 0.406723 0.221477 0.405042 0.221477 0.401681 0.218121 0.400000 0.218121 0.398319 0.219799 0.396639 0.218121 0.396639 0.214765 0.394958 0.214765 0.393277 0.216443 0.393277 0.218121 0.394958 0.219799 0.394958 0.221477 0.393277 0.223154 0.391597 0.223154
0 0.475630 0.233221 0.478992 0.233221 0.480672 0.234899 0.484034 0.233221 0.485714 0.234899 0.490756 0.234899 0.495798 0.231544 0.499160 0.231544 0.500840 0.233221 0.510924 0.233221 0.510924 0.231544 0.514286 0.229866 0.514286 0.226510 0.517647 0.224832 0.517647 0.221477 0.515966 0.219799 0.504202 0.218121 0.500840 0.214765 0.500840 0.211409 0.499160 0.211409 0.495798 0.206376 0.490756 0.209732 0.487395 0.204698 0.480672 0.204698 0.482353 0.208054 0.489076 0.208054 0.492437 0.211409 0.492437 0.214765 0.495798 0.214765 0.499160 0.219799 0.497479 0.223154 0.499160 0.223154 0.504202 0.228188 0.502521 0.229866 0.497479 0.229866 0.494118 0.226510 0.490756 0.226510 0.487395 0.233221 0.485714 0.233221 0.484034 0.229866 0.482353 0.229866 0.480672 0.233221 0.478992 0.231544 0.475630 0.231544
0 0.457143 0.204698 0.457143 0.208054 0.458824 0.208054 0.460504 0.209732 0.460504 0.211409 0.462185 0.213087 0.463866 0.213087 0.465546 0.214765 0.477311 0.214765 0.477311 0.213087 0.475630 0.211409 0.475630 0.209732 0.472269 0.209732 0.470588 0.211409 0.467227 0.211409 0.465546 0.209732 0.463866 0.209732 0.462185 0.208054 0.462185 0.206376 0.460504 0.204698
0 0.411765 0.156040 0.413445 0.156040 0.415126 0.154362 0.416807 0.156040 0.418487 0.156040 0.420168 0.154362 0.420168 0.152685 0.415126 0.152685 0.413445 0.154362 0.411765 0.154362
0 0.040336 0.140940 0.040336 0.142617 0.048739 0.142617 0.048739 0.140940
0 0.072269 0.125839 0.070588 0.125839 0.068908 0.124161 0.065546 0.124161 0.065546 0.125839 0.063866 0.127517 0.062185 0.127517 0.060504 0.129195 0.058824 0.129195 0.058824 0.130872 0.057143 0.132550 0.052101 0.132550 0.050420 0.134228 0.048739 0.134228 0.048739 0.137584 0.050420 0.137584 0.050420 0.135906 0.052101 0.134228 0.053782 0.134228 0.057143 0.137584 0.058824 0.137584 0.060504 0.135906 0.062185 0.135906 0.065546 0.132550 0.067227 0.132550 0.068908 0.130872 0.072269 0.130872
0 0.062185 0.104027 0.062185 0.105705 0.068908 0.105705 0.070588 0.107383 0.070588 0.109060 0.075630 0.109060 0.075630 0.105705 0.072269 0.105705 0.070588 0.107383 0.068908 0.105705 0.068908 0.104027 0.067227 0.102349 0.065546 0.102349 0.063866 0.104027
0 0.099160 0.083893 0.099160 0.087248 0.100840 0.087248 0.102521 0.085570 0.104202 0.085570 0.105882 0.087248 0.105882 0.088926 0.107563 0.088926 0.109244 0.087248 0.110924 0.087248 0.112605 0.085570 0.112605 0.083893 0.109244 0.083893 0.107563 0.082215 0.100840 0.082215
0 0.085714 0.072148 0.082353 0.072148 0.080672 0.073826 0.078992 0.073826 0.078992 0.075503 0.077311 0.077181 0.077311 0.078859 0.082353 0.078859 0.080672 0.077181 0.082353 0.075503 0.084034 0.075503 0.085714 0.073826
0 0.134454 0.048658 0.129412 0.048658 0.126050 0.052013 0.124370 0.052013 0.124370 0.055369 0.122689 0.057047 0.121008 0.057047 0.117647 0.053691 0.112605 0.053691 0.112605 0.062081 0.110924 0.063758 0.109244 0.062081 0.109244 0.058725 0.107563 0.057047 0.107563 0.055369 0.105882 0.055369 0.105882 0.057047 0.107563 0.058725 0.107563 0.060403 0.105882 0.062081 0.105882 0.065436 0.107563 0.065436 0.109244 0.063758 0.115966 0.068792 0.114286 0.070470 0.114286 0.075503 0.115966 0.077181 0.121008 0.077181 0.124370 0.072148 0.129412 0.072148 0.131092 0.070470 0.132773 0.070470 0.134454 0.062081 0.132773 0.062081 0.131092 0.060403 0.132773 0.058725 0.136134 0.058725 0.136134 0.055369 0.134454 0.053691
0 0.094118 0.041946 0.092437 0.041946 0.090756 0.043624 0.089076 0.043624 0.089076 0.045302 0.092437 0.045302 0.092437 0.043624
0 0.115966 0.033557 0.115966 0.038591 0.117647 0.040268 0.117647 0.043624 0.122689 0.043624 0.122689 0.041946 0.121008 0.040268 0.119328 0.040268 0.117647 0.038591 0.119328 0.036913 0.122689 0.036913 0.124370 0.035235 0.126050 0.035235 0.126050 0.033557
0 0.038655 0.033557 0.038655 0.040268 0.048739 0.040268 0.048739 0.038591 0.047059 0.038591 0.043697 0.035235 0.043697 0.033557
0 0.070588 0.030201 0.070588 0.026846 0.068908 0.026846 0.067227 0.025168 0.067227 0.023490 0.065546 0.023490 0.062185 0.020134 0.062185 0.018456 0.060504 0.018456 0.057143 0.021812 0.055462 0.021812 0.053782 0.020134 0.052101 0.020134 0.050420 0.021812 0.048739 0.021812 0.047059 0.023490 0.047059 0.026846 0.050420 0.026846 0.050420 0.025168 0.052101 0.023490 0.053782 0.025168 0.055462 0.025168 0.057143 0.026846 0.058824 0.026846 0.060504 0.028523 0.062185 0.028523 0.063866 0.030201