0 0.361345 0.884228 0.361345 0.885906 0.366387 0.885906 0.366387 0.884228
0 0.060504 0.850671 0.060504 0.854027 0.062185 0.855705 0.063866 0.855705 0.065546 0.854027 0.065546 0.852349 0.063866 0.850671
0 0.100840 0.827181 0.097479 0.827181 0.097479 0.832215 0.099160 0.832215 0.100840 0.830537
0 0.838655 0.815436 0.836975 0.815436 0.833613 0.818792 0.830252 0.818792 0.830252 0.820470 0.831933 0.822148 0.838655 0.822148
0 0.174790 0.796980 0.174790 0.798658 0.176471 0.798658 0.178151 0.800336 0.181513 0.800336 0.181513 0.798658 0.183193 0.796980 0.183193 0.795302 0.176471 0.795302
0 0.114286 0.795302 0.114286 0.796980 0.117647 0.796980 0.117647 0.795302
0 0.129412 0.790268 0.129412 0.793624 0.132773 0.793624 0.132773 0.790268
0 0.119328 0.788591 0.117647 0.786913 0.115966 0.786913 0.115966 0.788591 0.114286 0.790268 0.112605 0.790268 0.112605 0.791946 0.119328 0.791946
0 0.157983 0.763423 0.157983 0.765101 0.159664 0.766779 0.159664 0.768456 0.163025 0.768456 0.164706 0.766779 0.168067 0.766779 0.169748 0.768456 0.173109 0.768456 0.176471 0.765101 0.176471 0.761745 0.171429 0.761745 0.169748 0.760067 0.168067 0.760067 0.166387 0.758389 0.164706 0.758389 0.159664 0.763423
0 0.352941 0.664430 0.352941 0.666107 0.354622 0.667785 0.359664 0.667785 0.363025 0.671141 0.368067 0.671141 0.369748 0.672819 0.369748 0.674497 0.374790 0.674497 0.376471 0.676174 0.376471 0.677852 0.384874 0.677852 0.386555 0.676174 0.386555 0.674497 0.384874 0.674497 0.383193 0.672819 0.383193 0.671141 0.381513 0.671141 0.379832 0.669463 0.379832 0.667785 0.378151 0.666107 0.378151 0.664430 0.376471 0.662752 0.371429 0.662752 0.369748 0.661074 0.366387 0.661074 0.366387 0.662752 0.364706 0.664430 0.363025 0.664430 0.361345 0.662752 0.354622 0.662752
0 0.352941 0.652685 0.352941 0.654362 0.356303 0.654362 0.357983 0.656040 0.363025 0.656040 0.364706 0.657718 0.368067 0.657718 0.368067 0.652685 0.364706 0.652685 0.363025 0.651007 0.359664 0.651007 0.357983 0.652685
0 0.766387 0.637584 0.766387 0.642617 0.774790 0.642617 0.774790 0.640940 0.773109 0.640940 0.769748 0.637584
0 0.756303 0.632550 0.756303 0.637584 0.757983 0.639262 0.763025 0.639262 0.763025 0.634228 0.761345 0.632550
0 0.778151 0.630872 0.778151 0.634228 0.781513 0.634228 0.783193 0.635906 0.781513 0.637584 0.779832 0.637584 0.779832 0.639262 0.781513 0.640940 0.781513 0.642617 0.789916 0.642617 0.789916 0.640940 0.783193 0.640940 0.781513 0.639262 0.781513 0.637584 0.783193 0.635906 0.784874 0.637584 0.786555 0.637584 0.786555 0.635906 0.784874 0.634228 0.784874 0.630872
0 0.803361 0.624161 0.803361 0.625839 0.806723 0.625839 0.806723 0.624161
0 0.860504 0.635906 0.857143 0.635906 0.852101 0.630872 0.843697 0.629195 0.838655 0.622483 0.838655 0.620805 0.835294 0.620805 0.831933 0.617450 0.830252 0.617450 0.823529 0.622483 0.821849 0.622483 0.820168 0.625839 0.818487 0.624161 0.815126 0.624161 0.815126 0.632550 0.813445 0.635906 0.806723 0.640940 0.801681 0.640940 0.803361 0.645973 0.810084 0.645973 0.813445 0.644295 0.815126 0.645973 0.821849 0.645973 0.825210 0.649329 0.838655 0.649329 0.843697 0.645973 0.842017 0.640940 0.845378 0.637584 0.850420 0.637584 0.852101 0.635906 0.853782 0.639262 0.860504 0.640940
0 0.462185 0.491611 0.460504 0.493289 0.460504 0.498322 0.462185 0.500000 0.462185 0.501678 0.467227 0.501678 0.467227 0.500000 0.463866 0.496644 0.463866 0.494966 0.465546 0.493289 0.465546 0.491611
0 0.470588 0.489933 0.470588 0.491611 0.475630 0.491611 0.475630 0.488255 0.472269 0.488255
0 0.186555 0.338926 0.183193 0.338926 0.179832 0.342282 0.179832 0.343960 0.186555 0.343960
0 0.169748 0.340604 0.174790 0.340604 0.176471 0.338926 0.178151 0.338926 0.178151 0.337248 0.176471 0.337248 0.174790 0.335570 0.171429 0.335570 0.171429 0.337248 0.169748 0.338926
0 0.205042 0.343960 0.205042 0.342282 0.200000 0.342282 0.198319 0.340604 0.200000 0.338926 0.203361 0.338926 0.203361 0.333893 0.200000 0.333893 0.200000 0.335570 0.198319 0.337248 0.193277 0.337248 0.191597 0.338926 0.189916 0.338926 0.189916 0.340604 0.191597 0.340604 0.193277 0.338926 0.194958 0.338926 0.196639 0.340604 0.198319 0.340604 0.200000 0.342282 0.200000 0.343960
0 0.163025 0.332215 0.163025 0.333893 0.166387 0.333893 0.166387 0.332215
0 0.173109 0.305369 0.171429 0.307047 0.171429 0.310403 0.173109 0.312081 0.173109 0.317114 0.174790 0.318792 0.174790 0.322148 0.183193 0.322148 0.183193 0.318792 0.181513 0.318792 0.178151 0.315436 0.178151 0.313758 0.176471 0.312081 0.178151 0.310403 0.181513 0.310403 0.181513 0.307047 0.179832 0.305369
0 0.719328 0.303691 0.719328 0.305369 0.724370 0.305369 0.724370 0.303691
0 0.196639 0.302013 0.196639 0.305369 0.201681 0.305369 0.203361 0.307047 0.203361 0.308725 0.205042 0.310403 0.211765 0.310403 0.211765 0.308725 0.213445 0.307047 0.213445 0.305369 0.215126 0.303691 0.215126 0.302013 0.213445 0.302013 0.211765 0.300336 0.211765 0.298658 0.205042 0.298658 0.203361 0.300336 0.198319 0.300336
0 0.717647 0.288591 0.717647 0.291946 0.721008 0.291946 0.721008 0.288591
0 0.882353 0.234899 0.882353 0.236577 0.887395 0.236577 0.887395 0.234899
0 0.902521 0.233221 0.902521 0.234899 0.904202 0.234899 0.905882 0.236577 0.905882 0.239933 0.907563 0.239933 0.909244 0.241611 0.919328 0.241611 0.919328 0.238255 0.921008 0.236577 0.926050 0.236577 0.927731 0.234899 0.919328 0.234899 0.917647 0.233221 0.909244 0.233221 0.907563 0.231544 0.904202 0.231544
0 0.873950 0.231544 0.873950 0.233221 0.878992 0.233221 0.878992 0.231544
0 0.875630 0.224832 0.872269 0.224832 0.870588 0.226510 0.868908 0.226510 0.868908 0.228188 0.873950 0.228188 0.875630 0.226510