0 0.930976 0.818792 0.927609 0.818792 0.927609 0.822148 0.929293 0.822148 0.930976 0.820470
0 0.919192 0.798658 0.919192 0.800336 0.922559 0.800336 0.922559 0.798658
0 0.341751 0.511745 0.341751 0.513423 0.346801 0.513423 0.348485 0.515101 0.346801 0.516779 0.346801 0.518456 0.348485 0.518456 0.351852 0.521812 0.351852 0.523490 0.356902 0.523490 0.358586 0.521812 0.360269 0.523490 0.365320 0.523490 0.365320 0.521812 0.367003 0.520134 0.372054 0.520134 0.373737 0.518456 0.373737 0.516779 0.375421 0.515101 0.377104 0.515101 0.377104 0.508389 0.372054 0.508389 0.370370 0.506711 0.361953 0.506711 0.356902 0.503356 0.350168 0.503356 0.348485 0.505034 0.348485 0.506711 0.350168 0.508389 0.350168 0.511745 0.348485 0.513423 0.346801 0.513423 0.345118 0.511745
0 0.720539 0.493289 0.720539 0.494966 0.723906 0.494966 0.723906 0.493289
0 0.279461 0.493289 0.279461 0.500000 0.282828 0.500000 0.286195 0.503356 0.287879 0.503356 0.289562 0.501678 0.294613 0.501678 0.296296 0.503356 0.296296 0.505034 0.299663 0.505034 0.301347 0.503356 0.301347 0.501678 0.299663 0.501678 0.296296 0.498322 0.289562 0.498322 0.286195 0.494966 0.284512 0.494966 0.282828 0.496644 0.281145 0.494966 0.281145 0.493289
0 0.562290 0.491611 0.560606 0.493289 0.560606 0.494966 0.562290 0.494966 0.563973 0.496644 0.563973 0.500000 0.565657 0.500000 0.567340 0.501678 0.570707 0.501678 0.572391 0.500000 0.572391 0.498322 0.570707 0.498322 0.569024 0.496644 0.569024 0.494966 0.567340 0.493289 0.565657 0.493289 0.563973 0.491611
0 0.538721 0.478188 0.538721 0.481544 0.542088 0.481544 0.543771 0.483221 0.545455 0.483221 0.547138 0.484899 0.555556 0.484899 0.555556 0.483221 0.553872 0.481544 0.553872 0.479866 0.552189 0.478188 0.550505 0.478188 0.548822 0.479866 0.547138 0.479866 0.545455 0.478188
0 0.324916 0.469799 0.324916 0.473154 0.326599 0.473154 0.328283 0.471477 0.329966 0.471477 0.329966 0.469799
0 0.239057 0.474832 0.239057 0.479866 0.240741 0.481544 0.240741 0.483221 0.242424 0.483221 0.244108 0.484899 0.255892 0.484899 0.257576 0.483221 0.259259 0.484899 0.259259 0.486577 0.267677 0.486577 0.269360 0.484899 0.271044 0.484899 0.269360 0.483221 0.269360 0.481544 0.265993 0.481544 0.264310 0.479866 0.257576 0.479866 0.255892 0.478188 0.255892 0.476510 0.254209 0.474832 0.255892 0.473154 0.257576 0.473154 0.257576 0.469799 0.252525 0.469799 0.250842 0.471477 0.249158 0.471477 0.247475 0.469799 0.245791 0.469799 0.244108 0.471477 0.240741 0.471477 0.240741 0.473154
0 0.316498 0.453020 0.314815 0.454698 0.314815 0.456376 0.316498 0.456376 0.318182 0.458054 0.318182 0.463087 0.319865 0.463087 0.319865 0.461409 0.321549 0.459732 0.321549 0.458054 0.323232 0.456376 0.323232 0.454698 0.321549 0.454698 0.319865 0.453020
0 0.469697 0.451342 0.469697 0.453020 0.474747 0.453020 0.476431 0.454698 0.479798 0.454698 0.481481 0.453020 0.483165 0.453020 0.484848 0.454698 0.486532 0.454698 0.486532 0.449664 0.484848 0.449664 0.483165 0.447987 0.478114 0.447987 0.478114 0.449664 0.476431 0.451342
0 0.272727 0.444631 0.265993 0.444631 0.265993 0.446309 0.267677 0.447987 0.265993 0.449664 0.264310 0.449664 0.264310 0.458054 0.262626 0.459732 0.262626 0.461409 0.267677 0.461409 0.267677 0.459732 0.265993 0.458054 0.269360 0.454698 0.269360 0.451342 0.271044 0.449664 0.272727 0.449664 0.274411 0.447987 0.274411 0.446309
0 0.367003 0.429530 0.367003 0.431208 0.368687 0.432886 0.368687 0.436242 0.372054 0.439597 0.378788 0.439597 0.378788 0.437919 0.377104 0.436242 0.377104 0.434564 0.373737 0.434564 0.372054 0.432886 0.372054 0.431208 0.370370 0.429530
0 0.356902 0.427852 0.351852 0.427852 0.346801 0.432886 0.345118 0.431208 0.341751 0.431208 0.341751 0.434564 0.343434 0.436242 0.343434 0.437919 0.345118 0.437919 0.345118 0.436242 0.346801 0.434564 0.348485 0.436242 0.348485 0.437919 0.350168 0.439597 0.353535 0.439597 0.353535 0.437919 0.355219 0.436242 0.356902 0.436242 0.356902 0.434564 0.358586 0.432886 0.358586 0.431208 0.356902 0.429530
0 0.329966 0.427852 0.328283 0.429530 0.328283 0.434564 0.329966 0.434564 0.331650 0.432886 0.333333 0.434564 0.333333 0.436242 0.336700 0.436242 0.338384 0.434564 0.338384 0.431208 0.335017 0.431208 0.331650 0.427852
0 0.314815 0.422819 0.314815 0.424497 0.316498 0.426174 0.318182 0.426174 0.318182 0.424497 0.316498 0.422819