0 0.497479 0.843960 0.502521 0.843960 0.502521 0.842282 0.504202 0.840604 0.507563 0.840604 0.505882 0.840604 0.504202 0.838926 0.500840 0.838926 0.499160 0.840604 0.497479 0.840604
0 0.487395 0.838926 0.487395 0.840604 0.490756 0.840604 0.490756 0.838926
0 0.544538 0.802013 0.544538 0.803691 0.549580 0.803691 0.549580 0.802013
0 0.541176 0.802013 0.539496 0.802013 0.537815 0.803691 0.536134 0.803691 0.536134 0.805369 0.537815 0.807047 0.539496 0.807047 0.539496 0.805369 0.541176 0.803691
0 0.455462 0.530201 0.455462 0.531879 0.458824 0.531879 0.458824 0.530201
0 0.494118 0.523490 0.492437 0.523490 0.492437 0.525168 0.490756 0.526846 0.489076 0.526846 0.489076 0.528523 0.495798 0.528523 0.495798 0.526846 0.494118 0.525168
0 0.467227 0.511745 0.467227 0.513423 0.470588 0.513423 0.470588 0.511745
0 0.433613 0.511745 0.433613 0.513423 0.435294 0.515101 0.438655 0.515101 0.438655 0.511745
0 0.539496 0.505034 0.536134 0.505034 0.536134 0.508389 0.537815 0.508389 0.539496 0.506711
0 0.462185 0.486577 0.462185 0.488255 0.465546 0.488255 0.467227 0.489933 0.467227 0.491611 0.468908 0.491611 0.470588 0.489933 0.472269 0.489933 0.472269 0.488255 0.467227 0.488255 0.465546 0.486577
0 0.583193 0.474832 0.581513 0.474832 0.579832 0.476510 0.579832 0.478188 0.583193 0.478188
0 0.388235 0.464765 0.386555 0.464765 0.384874 0.466443 0.383193 0.466443 0.383193 0.468121 0.388235 0.468121
0 0.321008 0.464765 0.321008 0.468121 0.322689 0.468121 0.322689 0.464765
0 0.507563 0.463087 0.507563 0.464765 0.514286 0.464765 0.514286 0.463087
0 0.473950 0.458054 0.473950 0.459732 0.472269 0.461409 0.470588 0.461409 0.470588 0.463087 0.473950 0.463087 0.475630 0.464765 0.477311 0.464765 0.477311 0.463087 0.475630 0.461409 0.477311 0.459732 0.478992 0.459732 0.478992 0.458054
0 0.359664 0.444631 0.359664 0.446309 0.363025 0.446309 0.363025 0.444631
0 0.191597 0.384228 0.191597 0.385906 0.194958 0.385906 0.194958 0.384228
0 0.245378 0.382550 0.245378 0.384228 0.248739 0.384228 0.248739 0.382550
0 0.193277 0.377517 0.193277 0.380872 0.194958 0.380872 0.194958 0.377517
0 0.225210 0.377517 0.225210 0.379195 0.226891 0.379195 0.228571 0.380872 0.233613 0.380872 0.233613 0.379195 0.231933 0.377517 0.230252 0.377517 0.228571 0.375839 0.226891 0.375839
0 0.210084 0.369128 0.208403 0.369128 0.208403 0.370805 0.206723 0.372483 0.205042 0.372483 0.205042 0.374161 0.210084 0.374161
0 0.189916 0.367450 0.189916 0.370805 0.191597 0.372483 0.194958 0.372483 0.194958 0.369128 0.193277 0.367450
0 0.242017 0.365772 0.242017 0.369128 0.243697 0.369128 0.245378 0.367450 0.243697 0.365772
0 0.188235 0.328859 0.188235 0.330537 0.193277 0.330537 0.193277 0.328859
0 0.294118 0.323826 0.290756 0.323826 0.289076 0.325503 0.289076 0.327181 0.292437 0.327181 0.294118 0.325503
0 0.210084 0.313758 0.210084 0.315436 0.211765 0.317114 0.215126 0.317114 0.215126 0.313758
0 0.184874 0.313758 0.184874 0.315436 0.183193 0.317114 0.183193 0.318792 0.186555 0.318792 0.188235 0.320470 0.188235 0.322148 0.189916 0.322148 0.189916 0.320470 0.188235 0.320470 0.186555 0.318792 0.186555 0.313758
0 0.220168 0.312081 0.220168 0.318792 0.221849 0.318792 0.223529 0.320470 0.223529 0.322148 0.225210 0.322148 0.225210 0.320470 0.223529 0.318792 0.223529 0.317114 0.221849 0.315436 0.221849 0.312081
0 0.275630 0.310403 0.275630 0.312081 0.278992 0.312081 0.278992 0.310403
0 0.233613 0.307047 0.233613 0.310403 0.235294 0.310403 0.235294 0.307047
0 0.193277 0.305369 0.193277 0.307047 0.196639 0.307047 0.196639 0.305369
0 0.294118 0.302013 0.292437 0.302013 0.292437 0.305369 0.290756 0.307047 0.287395 0.307047 0.287395 0.308725 0.292437 0.308725 0.292437 0.307047 0.294118 0.305369
0 0.480672 0.246644 0.480672 0.251678 0.482353 0.253356 0.484034 0.253356 0.484034 0.248322 0.482353 0.246644
0 0.522689 0.219799 0.521008 0.221477 0.521008 0.223154 0.522689 0.224832 0.522689 0.226510 0.526050 0.226510 0.526050 0.223154 0.524370 0.221477 0.524370 0.219799
0 0.452101 0.211409 0.452101 0.213087 0.455462 0.213087 0.455462 0.211409
0 0.514286 0.208054 0.514286 0.209732 0.517647 0.209732 0.521008 0.213087 0.521008 0.216443 0.522689 0.216443 0.522689 0.209732 0.521008 0.208054
0 0.438655 0.192953 0.438655 0.196309 0.440336 0.197987 0.443697 0.197987 0.445378 0.199664 0.445378 0.203020 0.447059 0.203020 0.447059 0.199664 0.445378 0.199664 0.443697 0.197987 0.445378 0.196309 0.445378 0.194631 0.443697 0.194631 0.442017 0.192953
0 0.072269 0.151007 0.070588 0.151007 0.070588 0.154362 0.067227 0.157718 0.065546 0.157718 0.065546 0.161074 0.067227 0.161074 0.070588 0.157718 0.070588 0.156040 0.072269 0.154362
0 0.016807 0.151007 0.016807 0.154362 0.018487 0.156040 0.020168 0.156040 0.021849 0.154362 0.021849 0.151007
0 0.082353 0.102349 0.082353 0.104027 0.085714 0.104027 0.087395 0.105705 0.087395 0.107383 0.090756 0.107383 0.090756 0.104027 0.089076 0.104027 0.087395 0.102349
0 0.097479 0.020134 0.097479 0.021812 0.100840 0.021812 0.100840 0.020134
0 0.060504 0.010067 0.060504 0.011745 0.063866 0.011745 0.063866 0.010067
0 0.085714 0.008389 0.085714 0.010067 0.089076 0.010067 0.089076 0.008389