0 0.835294 0.848993 0.831933 0.848993 0.830252 0.850671 0.830252 0.852349 0.828571 0.854027 0.826891 0.854027 0.826891 0.855705 0.828571 0.855705 0.828571 0.854027 0.830252 0.852349 0.833613 0.852349 0.835294 0.850671
0 0.796639 0.822148 0.796639 0.823826 0.798319 0.825503 0.798319 0.827181 0.800000 0.827181 0.800000 0.825503 0.798319 0.823826 0.798319 0.822148
0 0.090756 0.822148 0.090756 0.825503 0.094118 0.825503 0.095798 0.823826 0.095798 0.822148
0 0.095798 0.798658 0.095798 0.800336 0.097479 0.802013 0.095798 0.803691 0.094118 0.803691 0.092437 0.805369 0.092437 0.807047 0.094118 0.807047 0.095798 0.808725 0.097479 0.808725 0.099160 0.810403 0.105882 0.810403 0.105882 0.808725 0.104202 0.807047 0.105882 0.805369 0.105882 0.803691 0.102521 0.803691 0.100840 0.802013 0.100840 0.800336 0.099160 0.798658
0 0.816807 0.795302 0.813445 0.795302 0.811765 0.796980 0.808403 0.796980 0.805042 0.800336 0.805042 0.802013 0.803361 0.803691 0.803361 0.805369 0.806723 0.805369 0.813445 0.798658 0.815126 0.798658 0.816807 0.796980
0 0.161345 0.776846 0.159664 0.775168 0.156303 0.775168 0.156303 0.776846 0.154622 0.778523 0.154622 0.781879 0.157983 0.781879 0.157983 0.780201 0.159664 0.778523 0.161345 0.778523
0 0.766387 0.624161 0.766387 0.627517 0.768067 0.627517 0.769748 0.629195 0.769748 0.630872 0.773109 0.630872 0.774790 0.632550 0.776471 0.632550 0.778151 0.630872 0.778151 0.629195 0.773109 0.629195 0.771429 0.627517 0.771429 0.625839 0.769748 0.625839 0.768067 0.624161
0 0.766387 0.617450 0.766387 0.619128 0.769748 0.619128 0.769748 0.617450
0 0.784874 0.629195 0.786555 0.630872 0.791597 0.630872 0.791597 0.625839 0.794958 0.622483 0.796639 0.624161 0.796639 0.625839 0.798319 0.625839 0.800000 0.624161 0.806723 0.624161 0.806723 0.622483 0.808403 0.620805 0.808403 0.619128 0.806723 0.617450 0.800000 0.617450 0.798319 0.619128 0.796639 0.617450 0.796639 0.615772 0.794958 0.615772 0.794958 0.617450 0.793277 0.619128 0.791597 0.617450 0.791597 0.615772 0.789916 0.615772 0.789916 0.620805 0.791597 0.622483 0.791597 0.624161 0.789916 0.625839 0.786555 0.625839 0.784874 0.627517
0 0.833613 0.550336 0.833613 0.552013 0.835294 0.553691 0.835294 0.555369 0.836975 0.555369 0.836975 0.553691 0.835294 0.552013 0.835294 0.550336
0 0.813445 0.531879 0.810084 0.531879 0.810084 0.533557 0.808403 0.535235 0.803361 0.535235 0.803361 0.536913 0.805042 0.538591 0.806723 0.538591 0.810084 0.535235 0.811765 0.535235 0.813445 0.533557
0 0.791597 0.531879 0.791597 0.533557 0.789916 0.535235 0.789916 0.536913 0.794958 0.536913 0.796639 0.538591 0.798319 0.538591 0.798319 0.536913 0.794958 0.533557 0.794958 0.531879
0 0.800000 0.530201 0.803361 0.530201 0.803361 0.528523 0.805042 0.526846 0.808403 0.526846 0.808403 0.525168 0.810084 0.523490 0.813445 0.523490 0.815126 0.521812 0.815126 0.520134 0.811765 0.520134 0.810084 0.518456 0.808403 0.518456 0.806723 0.520134 0.805042 0.518456 0.801681 0.518456 0.801681 0.520134 0.805042 0.520134 0.806723 0.521812 0.805042 0.523490 0.805042 0.526846 0.803361 0.528523 0.800000 0.528523
0 0.473950 0.500000 0.473950 0.503356 0.470588 0.506711 0.470588 0.508389 0.468908 0.510067 0.468908 0.511745 0.470588 0.513423 0.470588 0.518456 0.472269 0.518456 0.473950 0.520134 0.478992 0.520134 0.480672 0.521812 0.482353 0.521812 0.482353 0.520134 0.485714 0.516779 0.489076 0.516779 0.489076 0.515101 0.482353 0.515101 0.480672 0.513423 0.480672 0.511745 0.478992 0.511745 0.478992 0.513423 0.477311 0.515101 0.473950 0.510067 0.475630 0.508389 0.475630 0.506711 0.478992 0.503356 0.482353 0.503356 0.484034 0.501678 0.484034 0.500000
0 0.295798 0.407718 0.295798 0.409396 0.297479 0.411074 0.299160 0.411074 0.299160 0.407718
0 0.179832 0.335570 0.179832 0.337248 0.183193 0.337248 0.183193 0.335570
0 0.206723 0.335570 0.206723 0.333893 0.205042 0.333893 0.203361 0.332215 0.203361 0.330537 0.194958 0.330537 0.193277 0.328859 0.193277 0.325503 0.194958 0.323826 0.196639 0.323826 0.196639 0.322148 0.198319 0.320470 0.201681 0.320470 0.201681 0.318792 0.198319 0.315436 0.194958 0.315436 0.194958 0.317114 0.193277 0.318792 0.188235 0.317114 0.188235 0.318792 0.186555 0.320470 0.184874 0.318792 0.183193 0.318792 0.183193 0.320470 0.181513 0.322148 0.176471 0.323826 0.176471 0.325503 0.174790 0.327181 0.173109 0.327181 0.173109 0.328859 0.174790 0.330537 0.178151 0.330537 0.179832 0.332215 0.184874 0.332215 0.186555 0.330537 0.188235 0.332215 0.188235 0.333893 0.189916 0.333893 0.191597 0.335570 0.196639 0.335570 0.198319 0.337248 0.203361 0.337248 0.205042 0.335570
0 0.724370 0.281879 0.724370 0.285235 0.729412 0.285235 0.729412 0.281879
0 0.867227 0.213087 0.867227 0.214765 0.873950 0.214765 0.873950 0.213087