0 0.924242 0.800336 0.006734 0.006711
0 0.877946 0.782718 0.005051 0.005034
0 0.782828 0.546141 0.006734 0.008389
0 0.396465 0.522651 0.008418 0.005034
0 0.370370 0.527685 0.037037 0.018456
0 0.327441 0.518456 0.031987 0.010067
0 0.435185 0.490772 0.015152 0.008389
0 0.539562 0.493289 0.042088 0.023490
0 0.412458 0.478188 0.010101 0.006711
0 0.376263 0.471477 0.005051 0.003356
0 0.520202 0.474832 0.023569 0.020134
0 0.381313 0.465604 0.008418 0.005034
0 0.484007 0.459732 0.015152 0.006711
0 0.461279 0.458893 0.006734 0.005034
0 0.364478 0.472315 0.069024 0.038591
0 0.409091 0.451342 0.060606 0.030201