0 0.109244 0.810403 0.105882 0.810403 0.104202 0.812081 0.102521 0.812081 0.102521 0.813758 0.107563 0.813758 0.109244 0.812081
0 0.092437 0.796980 0.092437 0.798658 0.094118 0.798658 0.095798 0.800336 0.099160 0.800336 0.099160 0.798658 0.097479 0.798658 0.095798 0.796980
0 0.181513 0.785235 0.179832 0.785235 0.178151 0.786913 0.176471 0.786913 0.176471 0.788591 0.178151 0.788591 0.179832 0.786913 0.181513 0.786913
0 0.156303 0.775168 0.156303 0.776846 0.159664 0.776846 0.159664 0.775168
0 0.783193 0.627517 0.783193 0.629195 0.784874 0.629195 0.786555 0.630872 0.788235 0.630872 0.788235 0.627517
0 0.766387 0.624161 0.766387 0.627517 0.768067 0.629195 0.768067 0.630872 0.769748 0.632550 0.771429 0.632550 0.773109 0.630872 0.778151 0.630872 0.778151 0.629195 0.771429 0.629195 0.769748 0.627517 0.769748 0.624161
0 0.791597 0.622483 0.791597 0.624161 0.796639 0.624161 0.796639 0.622483
0 0.788235 0.612416 0.786555 0.612416 0.784874 0.614094 0.784874 0.615772 0.788235 0.615772
0 0.831933 0.550336 0.831933 0.552013 0.838655 0.552013 0.838655 0.550336
0 0.800000 0.535235 0.796639 0.535235 0.796639 0.536913 0.794958 0.538591 0.788235 0.538591 0.788235 0.540268 0.789916 0.540268 0.791597 0.541946 0.796639 0.541946 0.796639 0.540268 0.798319 0.538591 0.800000 0.538591
0 0.811765 0.528523 0.811765 0.530201 0.820168 0.530201 0.820168 0.528523
0 0.784874 0.516779 0.784874 0.520134 0.786555 0.521812 0.788235 0.521812 0.788235 0.520134 0.791597 0.516779 0.793277 0.516779 0.793277 0.515101 0.794958 0.513423 0.794958 0.511745 0.796639 0.510067 0.798319 0.510067 0.800000 0.511745 0.798319 0.513423 0.798319 0.515101 0.800000 0.515101 0.805042 0.520134 0.810084 0.520134 0.811765 0.521812 0.811765 0.523490 0.815126 0.523490 0.815126 0.521812 0.813445 0.520134 0.813445 0.518456 0.808403 0.518456 0.806723 0.516779 0.806723 0.515101 0.805042 0.515101 0.803361 0.513423 0.803361 0.510067 0.800000 0.510067 0.798319 0.508389 0.798319 0.506711 0.789916 0.506711 0.789916 0.513423 0.786555 0.516779
0 0.472269 0.496644 0.472269 0.498322 0.468908 0.501678 0.467227 0.501678 0.467227 0.503356 0.465546 0.505034 0.465546 0.508389 0.463866 0.510067 0.462185 0.510067 0.462185 0.511745 0.465546 0.511745 0.467227 0.513423 0.467227 0.515101 0.468908 0.515101 0.470588 0.516779 0.470588 0.518456 0.473950 0.521812 0.472269 0.523490 0.472269 0.525168 0.473950 0.525168 0.475630 0.526846 0.480672 0.526846 0.480672 0.525168 0.477311 0.521812 0.477311 0.520134 0.475630 0.520134 0.472269 0.516779 0.470588 0.516779 0.468908 0.515101 0.470588 0.513423 0.472269 0.513423 0.472269 0.511745 0.470588 0.510067 0.470588 0.505034 0.473950 0.501678 0.478992 0.501678 0.478992 0.496644
0 0.189916 0.337248 0.188235 0.337248 0.186555 0.338926 0.186555 0.340604 0.189916 0.340604
0 0.183193 0.318792 0.183193 0.322148 0.184874 0.322148 0.186555 0.320470 0.193277 0.320470 0.194958 0.322148 0.191597 0.325503 0.186555 0.325503 0.186555 0.327181 0.189916 0.330537 0.194958 0.330537 0.196639 0.328859 0.200000 0.332215 0.200000 0.333893 0.201681 0.333893 0.203361 0.335570 0.205042 0.335570 0.208403 0.332215 0.210084 0.332215 0.210084 0.328859 0.205042 0.327181 0.203361 0.325503 0.203361 0.323826 0.200000 0.323826 0.198319 0.322148 0.196639 0.322148 0.194958 0.320470 0.194958 0.318792 0.196639 0.317114 0.198319 0.317114 0.200000 0.318792 0.205042 0.318792 0.206723 0.320470 0.206723 0.322148 0.210084 0.322148 0.211765 0.320470 0.213445 0.320470 0.213445 0.318792 0.211765 0.318792 0.210084 0.317114 0.210084 0.315436 0.188235 0.315436 0.184874 0.318792
0 0.724370 0.291946 0.724370 0.293624 0.727731 0.293624 0.727731 0.291946
0 0.722689 0.281879 0.722689 0.283557 0.724370 0.283557 0.726050 0.285235 0.727731 0.285235 0.727731 0.283557 0.726050 0.281879