0 0.807129 0.996582 0.020508 0.004883
0 0.746582 0.996582 0.010742 0.004883
0 0.591309 0.996582 0.014648 0.004883
0 0.720703 0.985840 0.015625 0.004883
0 0.787109 0.977051 0.013672 0.006836
0 0.525391 0.980469 0.025391 0.013672
0 0.327637 0.980957 0.018555 0.014648
0 0.640137 0.978027 0.018555 0.018555
0 0.683105 0.971191 0.020508 0.014648
0 0.591309 0.968750 0.004883 0.009766
0 0.703125 0.964355 0.019531 0.018555
0 0.794434 0.950195 0.014648 0.009766
0 0.201172 0.942871 0.015625 0.004883
0 0.837402 0.939941 0.012695 0.006836
0 0.572754 0.942383 0.018555 0.011719
0 0.521973 0.939941 0.018555 0.006836
0 0.604980 0.935059 0.079102 0.040039
0 0.436523 0.930176 0.058594 0.030273
0 0.687500 0.908203 0.011719 0.005859
0 0.543945 0.908203 0.011719 0.005859
0 0.662598 0.902344 0.012695 0.005859
0 0.687500 0.896484 0.011719 0.005859
0 0.361816 0.866211 0.010742 0.009766
0 0.359375 0.843750 0.015625 0.015625
0 0.396973 0.826172 0.020508 0.009766
0 0.339355 0.796387 0.014648 0.008789
0 0.485352 0.777344 0.017578 0.009766
0 0.145020 0.759277 0.012695 0.006836
0 0.603516 0.556152 0.013672 0.006836
0 0.849609 0.460449 0.011719 0.006836
0 0.889160 0.451172 0.006836 0.011719
