0 0.359664 0.884228 0.359664 0.887584 0.363025 0.887584 0.364706 0.885906 0.366387 0.887584 0.366387 0.889262 0.368067 0.889262 0.368067 0.887584 0.366387 0.885906 0.366387 0.882550 0.363025 0.882550 0.361345 0.884228
0 0.058824 0.852349 0.055462 0.855705 0.055462 0.857383 0.057143 0.857383 0.058824 0.859060 0.062185 0.859060 0.062185 0.854027 0.060504 0.852349
0 0.100840 0.828859 0.100840 0.827181 0.097479 0.827181 0.095798 0.825503 0.095798 0.823826 0.094118 0.823826 0.094118 0.825503 0.092437 0.827181 0.090756 0.825503 0.085714 0.825503 0.085714 0.827181 0.087395 0.828859 0.094118 0.828859 0.095798 0.830537 0.099160 0.830537
0 0.830252 0.820470 0.830252 0.823826 0.831933 0.823826 0.831933 0.820470
0 0.115966 0.812081 0.115966 0.813758 0.119328 0.813758 0.119328 0.812081
0 0.090756 0.812081 0.090756 0.813758 0.092437 0.815436 0.092437 0.817114 0.095798 0.817114 0.095798 0.815436 0.094118 0.815436 0.092437 0.813758 0.092437 0.812081
0 0.107563 0.808725 0.107563 0.810403 0.110924 0.810403 0.110924 0.808725
0 0.087395 0.805369 0.087395 0.807047 0.089076 0.808725 0.090756 0.808725 0.092437 0.807047 0.094118 0.807047 0.094118 0.805369
0 0.104202 0.802013 0.104202 0.803691 0.107563 0.803691 0.107563 0.802013
0 0.194958 0.793624 0.194958 0.795302 0.198319 0.795302 0.198319 0.793624
0 0.169748 0.793624 0.169748 0.795302 0.174790 0.795302 0.174790 0.793624
0 0.110924 0.793624 0.105882 0.793624 0.105882 0.798658 0.107563 0.798658 0.107563 0.796980 0.109244 0.795302 0.110924 0.795302
0 0.176471 0.788591 0.176471 0.790268 0.178151 0.790268 0.179832 0.791946 0.181513 0.791946 0.181513 0.790268 0.179832 0.790268 0.178151 0.788591
0 0.194958 0.785235 0.194958 0.788591 0.200000 0.788591 0.200000 0.786913 0.198319 0.785235
0 0.173109 0.778523 0.173109 0.780201 0.176471 0.780201 0.176471 0.778523
0 0.174790 0.771812 0.174790 0.773490 0.176471 0.775168 0.179832 0.775168 0.181513 0.773490 0.183193 0.773490 0.183193 0.771812 0.181513 0.771812 0.179832 0.773490 0.178151 0.773490 0.176471 0.771812
0 0.163025 0.766779 0.161345 0.768456 0.161345 0.771812 0.166387 0.771812 0.166387 0.766779
0 0.176471 0.765101 0.173109 0.765101 0.171429 0.766779 0.169748 0.766779 0.169748 0.768456 0.173109 0.768456 0.174790 0.766779 0.176471 0.766779
0 0.356303 0.662752 0.356303 0.667785 0.364706 0.667785 0.366387 0.666107 0.366387 0.662752
0 0.352941 0.651007 0.352941 0.656040 0.354622 0.656040 0.356303 0.657718 0.356303 0.659396 0.357983 0.659396 0.357983 0.657718 0.356303 0.656040 0.357983 0.654362 0.359664 0.654362 0.361345 0.656040 0.361345 0.657718 0.364706 0.657718 0.364706 0.652685 0.363025 0.652685 0.361345 0.651007
0 0.798319 0.640940 0.798319 0.642617 0.801681 0.642617 0.801681 0.640940
0 0.810084 0.637584 0.810084 0.640940 0.815126 0.640940 0.815126 0.637584
0 0.810084 0.629195 0.808403 0.629195 0.806723 0.630872 0.805042 0.630872 0.805042 0.632550 0.810084 0.632550
0 0.791597 0.642617 0.791597 0.637584 0.789916 0.637584 0.781513 0.629195 0.779832 0.629195 0.774790 0.632550 0.773109 0.632550 0.771429 0.630872 0.766387 0.630872 0.764706 0.632550 0.763025 0.632550 0.763025 0.634228 0.761345 0.635906 0.759664 0.635906 0.759664 0.639262 0.768067 0.639262 0.768067 0.637584 0.769748 0.635906 0.773109 0.635906 0.774790 0.634228 0.783193 0.634228 0.784874 0.635906 0.784874 0.637584 0.786555 0.637584 0.788235 0.639262 0.786555 0.640940 0.784874 0.640940 0.784874 0.644295 0.788235 0.644295 0.789916 0.642617
0 0.761345 0.617450 0.761345 0.619128 0.763025 0.620805 0.766387 0.620805 0.766387 0.619128 0.764706 0.617450
0 0.821849 0.530201 0.821849 0.531879 0.825210 0.531879 0.825210 0.530201
0 0.470588 0.516779 0.468908 0.516779 0.467227 0.518456 0.462185 0.518456 0.462185 0.520134 0.463866 0.520134 0.465546 0.521812 0.467227 0.521812 0.468908 0.520134 0.470588 0.520134
0 0.815126 0.510067 0.811765 0.510067 0.811765 0.513423 0.813445 0.513423 0.815126 0.511745
0 0.793277 0.510067 0.793277 0.513423 0.794958 0.513423 0.794958 0.510067
0 0.475630 0.493289 0.475630 0.494966 0.480672 0.494966 0.480672 0.493289
0 0.473950 0.488255 0.470588 0.488255 0.468908 0.489933 0.467227 0.489933 0.465546 0.491611 0.462185 0.491611 0.462185 0.493289 0.463866 0.494966 0.462185 0.496644 0.460504 0.496644 0.460504 0.500000 0.462185 0.500000 0.463866 0.501678 0.467227 0.501678 0.467227 0.498322 0.465546 0.496644 0.465546 0.494966 0.467227 0.493289 0.470588 0.493289 0.473950 0.489933
0 0.186555 0.338926 0.184874 0.338926 0.183193 0.340604 0.183193 0.342282 0.186555 0.342282
0 0.176471 0.337248 0.176471 0.340604 0.178151 0.340604 0.178151 0.337248
0 0.198319 0.337248 0.198319 0.338926 0.200000 0.338926 0.201681 0.340604 0.201681 0.342282 0.211765 0.342282 0.211765 0.340604 0.210084 0.340604 0.208403 0.338926 0.206723 0.338926 0.205042 0.337248 0.205042 0.335570 0.200000 0.335570
0 0.164706 0.333893 0.164706 0.335570 0.169748 0.335570 0.169748 0.333893
0 0.236975 0.330537 0.235294 0.330537 0.233613 0.328859 0.231933 0.328859 0.230252 0.330537 0.223529 0.330537 0.223529 0.332215 0.221849 0.333893 0.220168 0.333893 0.218487 0.335570 0.218487 0.337248 0.221849 0.337248 0.223529 0.335570 0.225210 0.337248 0.230252 0.337248 0.230252 0.335570 0.231933 0.333893 0.236975 0.333893
0 0.208403 0.308725 0.206723 0.308725 0.206723 0.310403 0.205042 0.312081 0.200000 0.312081 0.200000 0.313758 0.205042 0.313758 0.205042 0.312081 0.206723 0.310403 0.208403 0.310403
0 0.211765 0.308725 0.211765 0.310403 0.213445 0.312081 0.216807 0.312081 0.218487 0.310403 0.220168 0.310403 0.220168 0.307047 0.215126 0.307047 0.213445 0.308725
0 0.205042 0.302013 0.201681 0.302013 0.200000 0.303691 0.194958 0.303691 0.193277 0.305369 0.191597 0.305369 0.189916 0.307047 0.186555 0.307047 0.184874 0.308725 0.183193 0.308725 0.181513 0.307047 0.178151 0.307047 0.176471 0.308725 0.174790 0.308725 0.174790 0.313758 0.176471 0.313758 0.178151 0.312081 0.183193 0.312081 0.184874 0.310403 0.188235 0.310403 0.191597 0.307047 0.194958 0.307047 0.196639 0.305369 0.198319 0.307047 0.201681 0.307047 0.203361 0.305369 0.205042 0.305369
0 0.736134 0.293624 0.736134 0.295302 0.741176 0.295302 0.741176 0.293624
0 0.721008 0.293624 0.719328 0.295302 0.719328 0.296980 0.722689 0.296980 0.724370 0.298658 0.724370 0.300336 0.726050 0.302013 0.724370 0.303691 0.722689 0.303691 0.722689 0.305369 0.724370 0.305369 0.729412 0.310403 0.731092 0.310403 0.732773 0.312081 0.734454 0.312081 0.736134 0.310403 0.736134 0.308725 0.734454 0.308725 0.729412 0.303691 0.729412 0.302013 0.727731 0.300336 0.727731 0.298658 0.726050 0.298658 0.724370 0.296980 0.724370 0.295302 0.722689 0.293624
0 0.744538 0.291946 0.744538 0.293624 0.747899 0.293624 0.749580 0.295302 0.749580 0.296980 0.754622 0.296980 0.754622 0.295302 0.752941 0.295302 0.749580 0.291946
0 0.729412 0.291946 0.729412 0.293624 0.732773 0.293624 0.732773 0.291946
0 0.717647 0.286913 0.717647 0.288591 0.722689 0.288591 0.722689 0.286913
0 0.912605 0.243289 0.907563 0.243289 0.907563 0.244966 0.905882 0.246644 0.904202 0.246644 0.902521 0.248322 0.904202 0.248322 0.905882 0.250000 0.907563 0.250000 0.909244 0.248322 0.910924 0.248322 0.912605 0.246644
0 0.890756 0.239933 0.890756 0.243289 0.892437 0.244966 0.895798 0.244966 0.895798 0.241611 0.894118 0.239933
0 0.902521 0.233221 0.900840 0.234899 0.900840 0.236577 0.902521 0.238255 0.905882 0.238255 0.905882 0.233221
0 0.902521 0.221477 0.900840 0.221477 0.899160 0.223154 0.899160 0.224832 0.902521 0.224832
0 0.872269 0.213087 0.872269 0.218121 0.870588 0.219799 0.870588 0.223154 0.872269 0.224832 0.873950 0.224832 0.877311 0.228188 0.877311 0.229866 0.878992 0.231544 0.882353 0.231544 0.884034 0.233221 0.884034 0.234899 0.885714 0.234899 0.885714 0.233221 0.887395 0.231544 0.887395 0.229866 0.884034 0.229866 0.882353 0.228188 0.880672 0.228188 0.878992 0.226510 0.880672 0.224832 0.880672 0.223154 0.878992 0.221477 0.878992 0.218121 0.875630 0.218121 0.873950 0.216443 0.875630 0.214765 0.875630 0.213087
0 0.887395 0.208054 0.887395 0.213087 0.889076 0.214765 0.890756 0.214765 0.892437 0.213087 0.892437 0.209732 0.890756 0.209732 0.889076 0.208054
0 0.868908 0.208054 0.868908 0.209732 0.873950 0.209732 0.873950 0.208054