0 0.494118 0.815436 0.494118 0.817114 0.499160 0.817114 0.500840 0.815436 0.504202 0.820470 0.504202 0.823826 0.505882 0.827181 0.507563 0.827181 0.509244 0.830537 0.512605 0.830537 0.514286 0.832215 0.519328 0.832215 0.517647 0.828859 0.522689 0.825503 0.524370 0.828859 0.527731 0.830537 0.527731 0.832215 0.531092 0.830537 0.534454 0.830537 0.536134 0.828859 0.544538 0.828859 0.546218 0.827181 0.551261 0.827181 0.551261 0.822148 0.536134 0.822148 0.534454 0.820470 0.534454 0.815436 0.532773 0.815436 0.531092 0.812081 0.510924 0.812081 0.507563 0.810403 0.505882 0.812081 0.500840 0.812081
0 0.463866 0.498322 0.463866 0.500000 0.465546 0.500000 0.467227 0.501678 0.467227 0.503356 0.470588 0.503356 0.470588 0.498322
0 0.510924 0.496644 0.510924 0.501678 0.512605 0.501678 0.512605 0.496644
0 0.357983 0.493289 0.357983 0.494966 0.359664 0.494966 0.361345 0.496644 0.361345 0.498322 0.366387 0.498322 0.368067 0.496644 0.368067 0.494966 0.366387 0.494966 0.364706 0.493289
0 0.342857 0.493289 0.342857 0.494966 0.344538 0.494966 0.346218 0.496644 0.347899 0.496644 0.349580 0.498322 0.351261 0.498322 0.351261 0.496644 0.352941 0.494966 0.354622 0.494966 0.352941 0.494966 0.351261 0.493289
0 0.547899 0.491611 0.546218 0.489933 0.539496 0.489933 0.537815 0.486577 0.531092 0.484899 0.531092 0.488255 0.537815 0.491611 0.536134 0.493289 0.532773 0.493289 0.531092 0.496644 0.522689 0.496644 0.521008 0.500000 0.517647 0.496644 0.519328 0.501678 0.505882 0.508389 0.500840 0.505034 0.494118 0.506711 0.492437 0.505034 0.494118 0.498322 0.490756 0.496644 0.490756 0.493289 0.487395 0.493289 0.489076 0.505034 0.484034 0.508389 0.487395 0.510067 0.490756 0.518456 0.495798 0.518456 0.502521 0.511745 0.504202 0.513423 0.519328 0.511745 0.521008 0.510067 0.522689 0.511745 0.534454 0.511745 0.529412 0.506711 0.524370 0.506711 0.522689 0.503356 0.526050 0.500000 0.532773 0.498322 0.537815 0.493289 0.547899 0.494966
0 0.352941 0.484899 0.351261 0.484899 0.349580 0.486577 0.346218 0.486577 0.346218 0.488255 0.349580 0.488255 0.351261 0.486577 0.352941 0.486577
0 0.497479 0.476510 0.495798 0.476510 0.490756 0.481544 0.490756 0.484899 0.497479 0.484899
0 0.549580 0.458054 0.549580 0.459732 0.551261 0.461409 0.549580 0.463087 0.547899 0.463087 0.547899 0.464765 0.549580 0.466443 0.552941 0.466443 0.552941 0.464765 0.554622 0.463087 0.557983 0.463087 0.561345 0.466443 0.559664 0.468121 0.556303 0.468121 0.556303 0.469799 0.554622 0.471477 0.551261 0.471477 0.551261 0.473154 0.556303 0.473154 0.557983 0.474832 0.552941 0.478188 0.554622 0.478188 0.556303 0.479866 0.556303 0.483221 0.554622 0.484899 0.554622 0.486577 0.559664 0.486577 0.561345 0.484899 0.561345 0.483221 0.559664 0.483221 0.557983 0.481544 0.559664 0.479866 0.561345 0.479866 0.561345 0.478188 0.563025 0.476510 0.564706 0.476510 0.564706 0.474832 0.566387 0.473154 0.566387 0.468121 0.568067 0.466443 0.568067 0.464765 0.563025 0.459732 0.563025 0.458054 0.557983 0.458054 0.554622 0.461409 0.552941 0.459732 0.552941 0.458054
0 0.386555 0.446309 0.384874 0.446309 0.383193 0.447987 0.371429 0.447987 0.369748 0.449664 0.368067 0.449664 0.368067 0.451342 0.364706 0.454698 0.361345 0.454698 0.357983 0.458054 0.356303 0.458054 0.352941 0.468121 0.356303 0.468121 0.356303 0.466443 0.357983 0.464765 0.363025 0.464765 0.364706 0.466443 0.366387 0.466443 0.366387 0.463087 0.371429 0.459732 0.373109 0.461409 0.373109 0.463087 0.371429 0.464765 0.373109 0.469799 0.379832 0.469799 0.379832 0.464765 0.383193 0.461409 0.388235 0.459732 0.388235 0.458054 0.386555 0.458054 0.384874 0.456376 0.384874 0.454698 0.388235 0.451342
0 0.401681 0.426174 0.400000 0.426174 0.400000 0.427852 0.398319 0.429530 0.398319 0.431208 0.401681 0.431208
0 0.263866 0.375839 0.263866 0.377517 0.267227 0.377517 0.267227 0.375839
0 0.258824 0.372483 0.255462 0.372483 0.255462 0.374161 0.253782 0.375839 0.252101 0.375839 0.252101 0.377517 0.253782 0.377517 0.255462 0.375839 0.258824 0.375839
0 0.236975 0.370805 0.236975 0.372483 0.240336 0.375839 0.243697 0.375839 0.245378 0.377517 0.248739 0.377517 0.248739 0.372483 0.245378 0.372483 0.242017 0.369128 0.240336 0.369128 0.238655 0.370805
0 0.284034 0.365772 0.278992 0.365772 0.278992 0.367450 0.277311 0.369128 0.275630 0.369128 0.275630 0.370805 0.277311 0.370805 0.277311 0.369128 0.278992 0.367450 0.284034 0.367450
0 0.280672 0.359060 0.278992 0.359060 0.277311 0.360738 0.275630 0.360738 0.275630 0.362416 0.277311 0.362416 0.278992 0.360738 0.280672 0.360738
0 0.295798 0.352349 0.295798 0.354027 0.294118 0.355705 0.294118 0.360738 0.299160 0.360738 0.300840 0.359060 0.304202 0.359060 0.304202 0.357383 0.302521 0.355705 0.304202 0.354027 0.305882 0.354027 0.305882 0.352349
0 0.208403 0.348993 0.208403 0.350671 0.211765 0.350671 0.213445 0.352349 0.211765 0.354027 0.210084 0.354027 0.210084 0.355705 0.208403 0.357383 0.206723 0.362416 0.216807 0.362416 0.218487 0.364094 0.221849 0.364094 0.223529 0.365772 0.223529 0.367450 0.226891 0.367450 0.228571 0.365772 0.233613 0.365772 0.235294 0.364094 0.243697 0.364094 0.242017 0.359060 0.240336 0.359060 0.238655 0.360738 0.233613 0.360738 0.231933 0.359060 0.228571 0.359060 0.226891 0.360738 0.225210 0.359060 0.225210 0.354027 0.226891 0.352349 0.226891 0.350671 0.225210 0.350671 0.223529 0.348993 0.216807 0.348993 0.215126 0.347315 0.211765 0.347315 0.210084 0.348993
0 0.189916 0.347315 0.189916 0.348993 0.194958 0.354027 0.198319 0.354027 0.200000 0.352349 0.201681 0.352349 0.198319 0.352349 0.196639 0.350671 0.196639 0.348993 0.194958 0.347315
0 0.275630 0.332215 0.275630 0.333893 0.280672 0.333893 0.282353 0.332215 0.284034 0.333893 0.287395 0.333893 0.287395 0.327181 0.280672 0.327181 0.280672 0.328859 0.278992 0.330537 0.277311 0.330537
0 0.302521 0.320470 0.300840 0.320470 0.300840 0.322148 0.299160 0.323826 0.295798 0.323826 0.295798 0.325503 0.294118 0.327181 0.294118 0.332215 0.290756 0.335570 0.290756 0.338926 0.294118 0.338926 0.294118 0.337248 0.299160 0.332215 0.305882 0.332215 0.305882 0.330537 0.307563 0.328859 0.307563 0.327181 0.305882 0.327181 0.304202 0.325503 0.304202 0.322148
0 0.248739 0.318792 0.245378 0.318792 0.245378 0.320470 0.243697 0.322148 0.242017 0.320470 0.240336 0.320470 0.238655 0.322148 0.236975 0.322148 0.236975 0.323826 0.235294 0.325503 0.233613 0.323826 0.223529 0.323826 0.223529 0.325503 0.221849 0.327181 0.216807 0.327181 0.215126 0.325503 0.210084 0.325503 0.210084 0.330537 0.208403 0.332215 0.205042 0.332215 0.205042 0.333893 0.210084 0.333893 0.210084 0.332215 0.211765 0.330537 0.215126 0.330537 0.218487 0.333893 0.218487 0.337248 0.220168 0.337248 0.221849 0.335570 0.223529 0.335570 0.223529 0.333893 0.225210 0.332215 0.233613 0.332215 0.233613 0.330537 0.236975 0.327181 0.247059 0.327181 0.247059 0.322148 0.248739 0.320470
0 0.299160 0.303691 0.299160 0.305369 0.297479 0.307047 0.297479 0.310403 0.302521 0.310403 0.305882 0.313758 0.309244 0.313758 0.309244 0.310403 0.310924 0.308725 0.310924 0.303691 0.307563 0.303691 0.305882 0.305369 0.304202 0.305369 0.302521 0.303691
0 0.233613 0.286913 0.233613 0.291946 0.235294 0.293624 0.231933 0.295302 0.231933 0.296980 0.235294 0.296980 0.236975 0.298658 0.240336 0.296980 0.242017 0.298658 0.247059 0.298658 0.250420 0.305369 0.248739 0.308725 0.250420 0.310403 0.253782 0.308725 0.257143 0.313758 0.260504 0.313758 0.258824 0.308725 0.262185 0.307047 0.263866 0.308725 0.265546 0.323826 0.272269 0.323826 0.273950 0.322148 0.273950 0.320470 0.270588 0.318792 0.272269 0.317114 0.275630 0.317114 0.273950 0.313758 0.277311 0.307047 0.275630 0.307047 0.270588 0.300336 0.267227 0.302013 0.260504 0.298658 0.250420 0.298658 0.247059 0.296980 0.245378 0.293624 0.242017 0.293624 0.238655 0.286913
0 0.389916 0.248322 0.389916 0.250000 0.393277 0.250000 0.393277 0.248322
0 0.396639 0.244966 0.396639 0.246644 0.400000 0.246644 0.401681 0.248322 0.405042 0.248322 0.405042 0.246644 0.401681 0.243289 0.400000 0.243289 0.398319 0.244966
0 0.473950 0.231544 0.473950 0.233221 0.475630 0.233221 0.477311 0.234899 0.477311 0.236577 0.480672 0.236577 0.482353 0.234899 0.485714 0.234899 0.487395 0.236577 0.489076 0.236577 0.489076 0.231544 0.485714 0.231544 0.484034 0.233221 0.482353 0.233221 0.480672 0.234899 0.477311 0.234899 0.475630 0.233221 0.475630 0.231544
0 0.411765 0.233221 0.410084 0.233221 0.408403 0.231544 0.408403 0.228188 0.405042 0.228188 0.403361 0.229866 0.401681 0.229866 0.396639 0.234899 0.394958 0.234899 0.394958 0.236577 0.398319 0.236577 0.401681 0.233221 0.403361 0.234899 0.403361 0.236577 0.405042 0.236577 0.406723 0.238255 0.411765 0.238255
0 0.519328 0.224832 0.514286 0.224832 0.512605 0.226510 0.510924 0.226510 0.509244 0.228188 0.509244 0.229866 0.507563 0.231544 0.505882 0.231544 0.504202 0.233221 0.500840 0.233221 0.500840 0.234899 0.502521 0.236577 0.504202 0.236577 0.505882 0.234899 0.507563 0.236577 0.510924 0.236577 0.510924 0.233221 0.512605 0.231544 0.514286 0.231544 0.515966 0.229866 0.514286 0.228188 0.515966 0.226510 0.519328 0.226510
0 0.396639 0.216443 0.394958 0.216443 0.393277 0.218121 0.391597 0.218121 0.389916 0.219799 0.389916 0.221477 0.393277 0.221477 0.394958 0.219799 0.396639 0.219799
0 0.386555 0.216443 0.381513 0.216443 0.378151 0.219799 0.378151 0.221477 0.379832 0.221477 0.383193 0.218121 0.386555 0.218121
0 0.467227 0.214765 0.467227 0.216443 0.468908 0.218121 0.473950 0.218121 0.473950 0.216443 0.472269 0.216443 0.470588 0.214765
0 0.499160 0.213087 0.499160 0.214765 0.500840 0.214765 0.502521 0.216443 0.502521 0.218121 0.504202 0.218121 0.505882 0.219799 0.505882 0.221477 0.507563 0.221477 0.510924 0.218121 0.510924 0.216443 0.504202 0.216443 0.502521 0.214765 0.502521 0.213087
0 0.450420 0.201342 0.450420 0.204698 0.452101 0.204698 0.453782 0.206376 0.455462 0.206376 0.455462 0.201342
0 0.463866 0.199664 0.463866 0.201342 0.465546 0.203020 0.468908 0.203020 0.468908 0.199664
0 0.416807 0.152685 0.416807 0.154362 0.420168 0.154362 0.420168 0.152685
0 0.494118 0.156040 0.494118 0.159396 0.495798 0.159396 0.497479 0.157718 0.500840 0.161074 0.505882 0.161074 0.505882 0.152685 0.504202 0.152685 0.502521 0.151007 0.499160 0.151007 0.499160 0.152685 0.500840 0.154362 0.499160 0.156040
0 0.403361 0.151007 0.403361 0.152685 0.406723 0.152685 0.406723 0.151007
0 0.048739 0.142617 0.045378 0.142617 0.045378 0.145973 0.047059 0.145973 0.048739 0.144295
0 0.075630 0.125839 0.073950 0.125839 0.072269 0.124161 0.068908 0.124161 0.068908 0.127517 0.065546 0.130872 0.063866 0.130872 0.062185 0.132550 0.060504 0.132550 0.062185 0.132550 0.063866 0.134228 0.062185 0.135906 0.053782 0.135906 0.053782 0.137584 0.063866 0.137584 0.067227 0.134228 0.070588 0.134228 0.072269 0.132550 0.072269 0.129195 0.073950 0.127517 0.075630 0.127517
0 0.065546 0.119128 0.062185 0.119128 0.060504 0.120805 0.060504 0.122483 0.062185 0.124161 0.063866 0.124161 0.065546 0.122483
0 0.065546 0.100671 0.065546 0.102349 0.067227 0.104027 0.073950 0.104027 0.073950 0.102349 0.068908 0.102349 0.067227 0.100671
0 0.094118 0.087248 0.094118 0.090604 0.095798 0.092282 0.104202 0.092282 0.104202 0.090604 0.105882 0.088926 0.105882 0.085570 0.099160 0.085570 0.097479 0.087248
0 0.084034 0.070470 0.080672 0.070470 0.078992 0.072148 0.077311 0.072148 0.077311 0.075503 0.082353 0.075503 0.082353 0.073826 0.084034 0.072148
0 0.136134 0.067114 0.134454 0.065436 0.132773 0.065436 0.131092 0.067114 0.127731 0.067114 0.127731 0.068792 0.126050 0.070470 0.121008 0.070470 0.121008 0.072148 0.119328 0.073826 0.112605 0.073826 0.112605 0.075503 0.115966 0.075503 0.119328 0.078859 0.124370 0.078859 0.124370 0.077181 0.126050 0.075503 0.127731 0.075503 0.129412 0.073826 0.134454 0.073826 0.136134 0.072148
0 0.102521 0.058725 0.102521 0.062081 0.105882 0.062081 0.105882 0.058725
0 0.112605 0.052013 0.112605 0.055369 0.117647 0.055369 0.119328 0.057047 0.115966 0.060403 0.114286 0.060403 0.114286 0.062081 0.117647 0.062081 0.119328 0.060403 0.122689 0.060403 0.124370 0.062081 0.124370 0.063758 0.126050 0.063758 0.127731 0.062081 0.129412 0.062081 0.129412 0.058725 0.124370 0.058725 0.122689 0.057047 0.122689 0.055369 0.119328 0.055369 0.117647 0.053691 0.117647 0.052013
0 0.141176 0.046980 0.134454 0.046980 0.134454 0.048658 0.132773 0.050336 0.129412 0.050336 0.129412 0.052013 0.134454 0.052013 0.134454 0.050336 0.136134 0.048658 0.137815 0.050336 0.139496 0.050336 0.141176 0.048658
0 0.124370 0.031879 0.122689 0.031879 0.121008 0.033557 0.119328 0.033557 0.119328 0.035235 0.117647 0.036913 0.115966 0.035235 0.114286 0.035235 0.114286 0.038591 0.119328 0.038591 0.121008 0.040268 0.121008 0.043624 0.122689 0.043624 0.122689 0.040268 0.121008 0.038591 0.121008 0.036913 0.124370 0.033557
0 0.078992 0.033557 0.082353 0.036913 0.082353 0.038591 0.084034 0.040268 0.085714 0.040268 0.087395 0.038591 0.089076 0.040268 0.090756 0.040268 0.092437 0.041946 0.094118 0.041946 0.094118 0.040268 0.095798 0.038591 0.095798 0.035235 0.097479 0.033557 0.097479 0.031879 0.094118 0.028523 0.089076 0.028523 0.087395 0.030201 0.084034 0.030201 0.080672 0.033557
0 0.065546 0.028523 0.065546 0.030201 0.067227 0.031879 0.070588 0.031879 0.070588 0.028523
0 0.043697 0.023490 0.047059 0.026846 0.048739 0.026846 0.048739 0.025168 0.047059 0.023490 0.048739 0.021812 0.060504 0.021812 0.060504 0.020134 0.058824 0.020134 0.057143 0.018456 0.055462 0.018456 0.053782 0.020134 0.052101 0.018456 0.045378 0.018456 0.045378 0.020134 0.043697 0.021812