0 0.509244 0.828859 0.509244 0.832215 0.514286 0.832215 0.515966 0.830537 0.517647 0.830537 0.517647 0.828859 0.515966 0.828859 0.514286 0.830537 0.512605 0.828859 0.512605 0.825503 0.510924 0.825503 0.510924 0.827181
0 0.502521 0.823826 0.502521 0.825503 0.504202 0.827181 0.505882 0.827181 0.507563 0.825503 0.505882 0.823826
0 0.527731 0.830537 0.529412 0.830537 0.531092 0.832215 0.532773 0.832215 0.536134 0.827181 0.537815 0.827181 0.539496 0.828859 0.539496 0.830537 0.544538 0.830537 0.547899 0.827181 0.551261 0.827181 0.551261 0.825503 0.549580 0.823826 0.549580 0.820470 0.546218 0.820470 0.544538 0.822148 0.542857 0.820470 0.541176 0.820470 0.541176 0.823826 0.542857 0.823826 0.544538 0.825503 0.541176 0.828859 0.539496 0.828859 0.537815 0.827181 0.537815 0.822148 0.536134 0.820470 0.537815 0.818792 0.537815 0.817114 0.532773 0.817114 0.532773 0.818792 0.534454 0.820470 0.534454 0.825503 0.536134 0.827181 0.534454 0.828859 0.532773 0.828859 0.531092 0.827181 0.529412 0.827181 0.527731 0.828859
0 0.497479 0.815436 0.499160 0.815436 0.500840 0.813758 0.505882 0.813758 0.505882 0.812081 0.500840 0.812081 0.499160 0.813758 0.497479 0.813758
0 0.517647 0.812081 0.517647 0.813758 0.521008 0.813758 0.522689 0.815436 0.522689 0.817114 0.526050 0.817114 0.527731 0.815436 0.529412 0.815436 0.531092 0.813758 0.532773 0.813758 0.532773 0.812081 0.527731 0.812081 0.526050 0.810403 0.521008 0.810403 0.519328 0.812081
0 0.576471 0.781879 0.574790 0.780201 0.574790 0.778523 0.571429 0.778523 0.569748 0.780201 0.559664 0.780201 0.559664 0.783557 0.563025 0.783557 0.564706 0.785235 0.564706 0.786913 0.574790 0.786913 0.574790 0.785235 0.576471 0.783557
0 0.423529 0.531879 0.423529 0.533557 0.425210 0.535235 0.435294 0.535235 0.435294 0.533557 0.433613 0.531879 0.433613 0.530201 0.426891 0.530201 0.425210 0.531879
0 0.359664 0.498322 0.368067 0.498322 0.369748 0.496644 0.369748 0.494966 0.361345 0.494966 0.359664 0.496644
0 0.342857 0.493289 0.342857 0.496644 0.344538 0.498322 0.352941 0.498322 0.354622 0.496644 0.351261 0.493289 0.349580 0.493289 0.347899 0.491611 0.346218 0.491611 0.344538 0.493289
0 0.549580 0.496644 0.537815 0.484899 0.532773 0.484899 0.537815 0.489933 0.532773 0.496644 0.521008 0.498322 0.524370 0.505034 0.514286 0.508389 0.505882 0.503356 0.504202 0.506711 0.499160 0.505034 0.500840 0.510067 0.497479 0.511745 0.490756 0.508389 0.494118 0.500000 0.489076 0.493289 0.478992 0.498322 0.478992 0.505034 0.468908 0.498322 0.468908 0.493289 0.455462 0.501678 0.435294 0.493289 0.435294 0.498322 0.423529 0.503356 0.416807 0.513423 0.425210 0.518456 0.413445 0.521812 0.415126 0.525168 0.423529 0.525168 0.425210 0.520134 0.428571 0.525168 0.460504 0.521812 0.470588 0.525168 0.470588 0.531879 0.475630 0.531879 0.489076 0.520134 0.510924 0.525168 0.514286 0.516779 0.534454 0.516779 0.534454 0.511745 0.526050 0.511745 0.526050 0.505034 0.534454 0.501678 0.536134 0.496644
0 0.561345 0.483221 0.559664 0.483221 0.557983 0.484899 0.557983 0.486577 0.561345 0.486577
0 0.484034 0.474832 0.484034 0.478188 0.489076 0.483221 0.490756 0.483221 0.492437 0.484899 0.497479 0.484899 0.497479 0.483221 0.495798 0.481544 0.499160 0.478188 0.509244 0.478188 0.509244 0.476510 0.504202 0.476510 0.502521 0.474832 0.504202 0.473154 0.505882 0.473154 0.505882 0.471477 0.494118 0.471477 0.494118 0.473154 0.490756 0.476510 0.489076 0.474832
0 0.552941 0.458054 0.552941 0.463087 0.557983 0.463087 0.559664 0.464765 0.561345 0.464765 0.563025 0.466443 0.559664 0.469799 0.557983 0.469799 0.557983 0.471477 0.559664 0.473154 0.559664 0.474832 0.557983 0.476510 0.554622 0.476510 0.554622 0.478188 0.552941 0.479866 0.551261 0.479866 0.552941 0.479866 0.554622 0.478188 0.556303 0.478188 0.557983 0.479866 0.563025 0.479866 0.564706 0.478188 0.564706 0.476510 0.563025 0.474832 0.564706 0.473154 0.564706 0.471477 0.566387 0.469799 0.566387 0.466443 0.568067 0.464765 0.564706 0.464765 0.563025 0.463087 0.563025 0.461409 0.561345 0.461409 0.559664 0.459732 0.557983 0.459732 0.556303 0.458054
0 0.391597 0.447987 0.389916 0.446309 0.383193 0.446309 0.381513 0.447987 0.379832 0.446309 0.376471 0.447987 0.369748 0.446309 0.366387 0.447987 0.363025 0.453020 0.361345 0.453020 0.357983 0.459732 0.351261 0.461409 0.347899 0.458054 0.344538 0.458054 0.342857 0.459732 0.337815 0.459732 0.337815 0.464765 0.341176 0.468121 0.352941 0.469799 0.356303 0.468121 0.356303 0.466443 0.359664 0.463087 0.363025 0.461409 0.364706 0.463087 0.369748 0.463087 0.371429 0.459732 0.373109 0.461409 0.373109 0.464765 0.376471 0.466443 0.374790 0.468121 0.378151 0.468121 0.379832 0.464765 0.388235 0.461409 0.386555 0.454698 0.388235 0.451342 0.391597 0.449664
0 0.415126 0.432886 0.415126 0.434564 0.418487 0.434564 0.418487 0.432886
0 0.400000 0.426174 0.398319 0.427852 0.398319 0.429530 0.400000 0.429530 0.401681 0.431208 0.403361 0.431208 0.403361 0.429530 0.401681 0.427852 0.401681 0.426174
0 0.265546 0.374161 0.265546 0.377517 0.268908 0.377517 0.268908 0.375839 0.267227 0.374161
0 0.253782 0.372483 0.253782 0.375839 0.258824 0.375839 0.258824 0.374161 0.257143 0.372483
0 0.278992 0.365772 0.278992 0.369128 0.282353 0.369128 0.282353 0.365772
0 0.280672 0.359060 0.278992 0.359060 0.277311 0.360738 0.275630 0.360738 0.275630 0.362416 0.280672 0.362416
0 0.292437 0.355705 0.292437 0.360738 0.295798 0.360738 0.297479 0.359060 0.300840 0.359060 0.300840 0.357383 0.297479 0.357383 0.295798 0.355705
0 0.189916 0.347315 0.189916 0.352349 0.196639 0.355705 0.203361 0.352349 0.206723 0.355705 0.205042 0.362416 0.208403 0.364094 0.220168 0.364094 0.228571 0.372483 0.236975 0.372483 0.243697 0.379195 0.243697 0.382550 0.247059 0.382550 0.250420 0.374161 0.247059 0.374161 0.243697 0.369128 0.230252 0.369128 0.228571 0.367450 0.230252 0.364094 0.235294 0.364094 0.236975 0.362416 0.242017 0.364094 0.240336 0.359060 0.236975 0.359060 0.235294 0.362416 0.231933 0.359060 0.231933 0.355705 0.230252 0.355705 0.228571 0.362416 0.226891 0.364094 0.223529 0.362416 0.221849 0.354027 0.223529 0.352349 0.228571 0.352349 0.226891 0.347315 0.215126 0.347315 0.210084 0.350671 0.203361 0.350671 0.201681 0.352349 0.198319 0.352349 0.193277 0.347315
0 0.215126 0.340604 0.211765 0.340604 0.210084 0.342282 0.210084 0.343960 0.213445 0.343960 0.215126 0.342282
0 0.305882 0.322148 0.300840 0.322148 0.289076 0.333893 0.287395 0.332215 0.287395 0.328859 0.282353 0.325503 0.280672 0.325503 0.278992 0.327181 0.278992 0.328859 0.277311 0.330537 0.275630 0.330537 0.275630 0.332215 0.277311 0.333893 0.278992 0.333893 0.282353 0.330537 0.284034 0.332215 0.284034 0.333893 0.287395 0.333893 0.289076 0.335570 0.289076 0.338926 0.290756 0.338926 0.292437 0.337248 0.294118 0.338926 0.295798 0.338926 0.297479 0.337248 0.302521 0.337248 0.302521 0.335570 0.299160 0.335570 0.297479 0.333893 0.297479 0.332215 0.299160 0.330537 0.300840 0.330537 0.300840 0.327181 0.304202 0.323826 0.305882 0.323826
0 0.287395 0.310403 0.285714 0.310403 0.284034 0.312081 0.282353 0.312081 0.280672 0.313758 0.280672 0.317114 0.278992 0.318792 0.278992 0.320470 0.280672 0.320470 0.282353 0.322148 0.284034 0.322148 0.284034 0.320470 0.285714 0.318792 0.285714 0.317114 0.287395 0.315436 0.289076 0.315436 0.289076 0.313758 0.287395 0.312081
0 0.294118 0.307047 0.294118 0.308725 0.295798 0.310403 0.295798 0.312081 0.299160 0.312081 0.299160 0.310403 0.300840 0.308725 0.302521 0.310403 0.302521 0.312081 0.304202 0.313758 0.307563 0.313758 0.307563 0.308725 0.309244 0.307047 0.309244 0.305369 0.305882 0.305369 0.304202 0.303691 0.297479 0.303691 0.297479 0.305369 0.295798 0.307047
0 0.213445 0.288591 0.213445 0.291946 0.215126 0.293624 0.216807 0.293624 0.216807 0.288591
0 0.203361 0.335570 0.211765 0.333893 0.213445 0.337248 0.221849 0.335570 0.226891 0.338926 0.221849 0.335570 0.225210 0.328859 0.230252 0.330537 0.231933 0.327181 0.245378 0.327181 0.250420 0.318792 0.250420 0.312081 0.253782 0.310403 0.247059 0.303691 0.250420 0.296980 0.253782 0.302013 0.263866 0.302013 0.270588 0.305369 0.268908 0.308725 0.265546 0.307047 0.267227 0.312081 0.263866 0.318792 0.267227 0.322148 0.272269 0.322148 0.270588 0.315436 0.275630 0.312081 0.272269 0.308725 0.273950 0.305369 0.270588 0.300336 0.253782 0.298658 0.247059 0.291946 0.240336 0.293624 0.236975 0.286913 0.231933 0.286913 0.228571 0.281879 0.221849 0.285235 0.223529 0.291946 0.233613 0.288591 0.235294 0.293624 0.230252 0.296980 0.243697 0.302013 0.245378 0.305369 0.240336 0.307047 0.240336 0.315436 0.233613 0.317114 0.230252 0.323826 0.225210 0.327181 0.216807 0.322148 0.210084 0.323826
0 0.388235 0.248322 0.388235 0.250000 0.391597 0.250000 0.391597 0.248322
0 0.394958 0.244966 0.396639 0.244966 0.398319 0.246644 0.398319 0.248322 0.400000 0.250000 0.403361 0.250000 0.405042 0.248322 0.405042 0.246644 0.403361 0.244966
0 0.396639 0.233221 0.396639 0.234899 0.401681 0.234899 0.401681 0.233221
0 0.521008 0.224832 0.514286 0.224832 0.512605 0.226510 0.510924 0.226510 0.510924 0.228188 0.509244 0.229866 0.497479 0.229866 0.495798 0.228188 0.494118 0.228188 0.494118 0.229866 0.492437 0.231544 0.487395 0.231544 0.485714 0.229866 0.485714 0.228188 0.484034 0.228188 0.484034 0.229866 0.480672 0.233221 0.478992 0.233221 0.477311 0.231544 0.472269 0.231544 0.472269 0.233221 0.475630 0.236577 0.477311 0.236577 0.478992 0.234899 0.480672 0.236577 0.484034 0.236577 0.485714 0.238255 0.492437 0.238255 0.494118 0.236577 0.504202 0.236577 0.505882 0.238255 0.507563 0.238255 0.507563 0.236577 0.509244 0.234899 0.510924 0.234899 0.510924 0.233221 0.512605 0.231544 0.515966 0.231544 0.515966 0.229866 0.517647 0.228188 0.519328 0.228188 0.521008 0.226510
0 0.410084 0.224832 0.406723 0.224832 0.406723 0.226510 0.405042 0.228188 0.405042 0.231544 0.406723 0.231544 0.408403 0.229866 0.410084 0.229866
0 0.393277 0.224832 0.393277 0.226510 0.398319 0.226510 0.398319 0.224832
0 0.413445 0.219799 0.413445 0.221477 0.418487 0.221477 0.418487 0.219799
0 0.468908 0.216443 0.468908 0.221477 0.472269 0.221477 0.473950 0.219799 0.473950 0.218121 0.472269 0.218121 0.470588 0.216443
0 0.394958 0.216443 0.394958 0.219799 0.396639 0.219799 0.396639 0.216443
0 0.502521 0.218121 0.502521 0.219799 0.507563 0.219799 0.509244 0.221477 0.515966 0.221477 0.515966 0.219799 0.517647 0.218121 0.517647 0.216443 0.515966 0.216443 0.514286 0.214765 0.507563 0.214765 0.507563 0.216443 0.505882 0.218121
0 0.386555 0.214765 0.381513 0.214765 0.379832 0.216443 0.376471 0.216443 0.376471 0.219799 0.379832 0.219799 0.381513 0.218121 0.386555 0.218121
0 0.450420 0.199664 0.450420 0.204698 0.452101 0.206376 0.453782 0.206376 0.457143 0.209732 0.458824 0.209732 0.458824 0.208054 0.453782 0.203020 0.455462 0.201342 0.455462 0.199664
0 0.505882 0.151007 0.502521 0.151007 0.502521 0.154362 0.500840 0.156040 0.497479 0.156040 0.495798 0.157718 0.494118 0.157718 0.494118 0.159396 0.492437 0.161074 0.492437 0.162752 0.499160 0.162752 0.500840 0.164430 0.504202 0.164430 0.505882 0.162752 0.505882 0.161074 0.507563 0.159396 0.507563 0.154362 0.505882 0.152685
0 0.411765 0.154362 0.415126 0.154362 0.416807 0.152685 0.418487 0.152685 0.418487 0.151007 0.413445 0.151007 0.411765 0.152685
0 0.013445 0.147651 0.011765 0.147651 0.010084 0.149329 0.005042 0.149329 0.005042 0.151007 0.008403 0.151007 0.010084 0.152685 0.011765 0.152685 0.013445 0.151007
0 0.026891 0.145973 0.025210 0.147651 0.025210 0.149329 0.026891 0.151007 0.026891 0.152685 0.028571 0.154362 0.028571 0.156040 0.031933 0.156040 0.031933 0.154362 0.030252 0.152685 0.030252 0.151007 0.031933 0.149329 0.031933 0.147651 0.030252 0.145973
0 0.008403 0.142617 0.008403 0.144295 0.013445 0.144295 0.013445 0.142617
0 0.078992 0.129195 0.077311 0.127517 0.073950 0.127517 0.072269 0.125839 0.072269 0.124161 0.067227 0.124161 0.067227 0.125839 0.068908 0.127517 0.068908 0.130872 0.065546 0.135906 0.063866 0.134228 0.062185 0.134228 0.062185 0.135906 0.060504 0.137584 0.055462 0.137584 0.048739 0.132550 0.047059 0.132550 0.047059 0.134228 0.050420 0.137584 0.050420 0.139262 0.047059 0.144295 0.045378 0.142617 0.038655 0.142617 0.038655 0.144295 0.042017 0.144295 0.043697 0.145973 0.043697 0.147651 0.042017 0.149329 0.040336 0.149329 0.040336 0.151007 0.045378 0.151007 0.047059 0.149329 0.057143 0.149329 0.057143 0.142617 0.058824 0.140940 0.062185 0.140940 0.063866 0.142617 0.065546 0.142617 0.065546 0.140940 0.067227 0.139262 0.068908 0.139262 0.068908 0.135906 0.070588 0.134228 0.078992 0.130872
0 0.058824 0.115772 0.058824 0.117450 0.062185 0.117450 0.062185 0.115772
0 0.060504 0.110738 0.060504 0.112416 0.063866 0.112416 0.063866 0.110738
0 0.067227 0.100671 0.067227 0.102349 0.070588 0.102349 0.072269 0.104027 0.073950 0.104027 0.075630 0.105705 0.077311 0.105705 0.078992 0.104027 0.078992 0.102349 0.073950 0.102349 0.072269 0.100671
0 0.142857 0.073826 0.139496 0.073826 0.137815 0.072148 0.134454 0.073826 0.132773 0.072148 0.132773 0.068792 0.131092 0.068792 0.129412 0.072148 0.124370 0.073826 0.124370 0.077181 0.122689 0.078859 0.117647 0.075503 0.115966 0.075503 0.114286 0.080537 0.121008 0.078859 0.124370 0.082215 0.124370 0.085570 0.122689 0.087248 0.114286 0.087248 0.109244 0.090604 0.107563 0.087248 0.100840 0.087248 0.099160 0.090604 0.094118 0.090604 0.094118 0.093960 0.095798 0.097315 0.100840 0.095638 0.100840 0.093960 0.105882 0.088926 0.107563 0.088926 0.109244 0.090604 0.107563 0.093960 0.109244 0.097315 0.112605 0.097315 0.114286 0.095638 0.117647 0.097315 0.126050 0.097315 0.127731 0.095638 0.131092 0.095638 0.132773 0.093960 0.132773 0.087248 0.131092 0.085570 0.136134 0.082215 0.136134 0.078859 0.142857 0.075503
0 0.085714 0.067114 0.084034 0.067114 0.082353 0.068792 0.082353 0.070470 0.080672 0.072148 0.078992 0.072148 0.078992 0.073826 0.080672 0.073826 0.082353 0.072148 0.085714 0.072148
0 0.139496 0.052013 0.137815 0.052013 0.136134 0.053691 0.136134 0.055369 0.139496 0.055369
0 0.109244 0.053691 0.109244 0.055369 0.115966 0.055369 0.117647 0.057047 0.117647 0.058725 0.119328 0.058725 0.121008 0.060403 0.119328 0.062081 0.117647 0.062081 0.117647 0.063758 0.119328 0.063758 0.121008 0.062081 0.122689 0.062081 0.122689 0.060403 0.121008 0.058725 0.121008 0.055369 0.119328 0.055369 0.117647 0.053691 0.117647 0.052013 0.115966 0.050336 0.112605 0.050336
0 0.082353 0.038591 0.082353 0.041946 0.085714 0.041946 0.087395 0.040268 0.087395 0.038591
0 0.117647 0.031879 0.115966 0.033557 0.115966 0.035235 0.119328 0.035235 0.121008 0.036913 0.121008 0.038591 0.119328 0.040268 0.119328 0.041946 0.121008 0.043624 0.124370 0.043624 0.124370 0.040268 0.122689 0.038591 0.122689 0.036913 0.121008 0.036913 0.119328 0.035235 0.121008 0.033557 0.122689 0.033557 0.122689 0.031879
0 0.067227 0.031879 0.068908 0.031879 0.070588 0.030201 0.075630 0.030201 0.075630 0.028523 0.070588 0.028523 0.068908 0.030201 0.067227 0.030201
0 0.078992 0.031879 0.078992 0.033557 0.082353 0.033557 0.084034 0.031879 0.087395 0.031879 0.089076 0.030201 0.090756 0.031879 0.094118 0.031879 0.095798 0.033557 0.092437 0.036913 0.092437 0.041946 0.095798 0.041946 0.095798 0.038591 0.097479 0.036913 0.097479 0.031879 0.095798 0.030201 0.097479 0.028523 0.097479 0.025168 0.089076 0.025168 0.089076 0.026846 0.087395 0.028523 0.085714 0.028523 0.084034 0.030201 0.080672 0.030201
0 0.045378 0.020134 0.045378 0.023490 0.047059 0.023490 0.050420 0.020134 0.053782 0.020134 0.055462 0.018456 0.057143 0.020134 0.057143 0.021812 0.058824 0.021812 0.058824 0.020134 0.060504 0.018456 0.062185 0.018456 0.063866 0.020134 0.062185 0.021812 0.062185 0.023490 0.063866 0.023490 0.065546 0.025168 0.065546 0.026846 0.067227 0.026846 0.067227 0.021812 0.065546 0.020134 0.065546 0.018456 0.047059 0.018456