0 0.499160 0.926174 0.495798 0.926174 0.494118 0.927852 0.494118 0.929530 0.497479 0.929530 0.499160 0.927852
0 0.467227 0.911074 0.467227 0.912752 0.470588 0.912752 0.472269 0.914430 0.473950 0.914430 0.475630 0.912752 0.475630 0.911074 0.472269 0.911074 0.470588 0.909396 0.468908 0.909396
0 0.462185 0.587248 0.460504 0.587248 0.458824 0.588926 0.458824 0.590604 0.462185 0.590604
0 0.463866 0.580537 0.463866 0.583893 0.467227 0.583893 0.467227 0.580537
0 0.452101 0.578859 0.448739 0.578859 0.448739 0.583893 0.450420 0.583893 0.450420 0.582215 0.452101 0.580537
0 0.457143 0.577181 0.457143 0.578859 0.460504 0.578859 0.460504 0.577181
0 0.463866 0.573826 0.463866 0.575503 0.467227 0.575503 0.467227 0.573826
0 0.621849 0.493289 0.621849 0.494966 0.625210 0.494966 0.625210 0.493289
0 0.423529 0.481544 0.421849 0.481544 0.418487 0.484899 0.416807 0.483221 0.411765 0.483221 0.411765 0.484899 0.413445 0.486577 0.416807 0.486577 0.418487 0.488255 0.421849 0.488255 0.421849 0.486577 0.423529 0.484899
0 0.445378 0.456376 0.445378 0.458054 0.447059 0.458054 0.448739 0.459732 0.450420 0.459732 0.452101 0.458054 0.452101 0.456376
0 0.452101 0.447987 0.452101 0.449664 0.455462 0.449664 0.455462 0.447987
0 0.539496 0.441275 0.539496 0.442953 0.541176 0.444631 0.541176 0.446309 0.542857 0.447987 0.546218 0.447987 0.546218 0.446309 0.544538 0.444631 0.544538 0.441275
0 0.443697 0.436242 0.443697 0.437919 0.450420 0.437919 0.450420 0.436242 0.448739 0.436242 0.447059 0.434564 0.445378 0.434564
0 0.507563 0.432886 0.507563 0.436242 0.512605 0.436242 0.512605 0.434564 0.510924 0.432886
0 0.517647 0.419463 0.514286 0.419463 0.510924 0.422819 0.509244 0.422819 0.507563 0.424497 0.507563 0.426174 0.509244 0.427852 0.512605 0.427852 0.512605 0.426174 0.517647 0.421141
0 0.490756 0.412752 0.487395 0.412752 0.487395 0.414430 0.485714 0.416107 0.477311 0.416107 0.477311 0.422819 0.480672 0.426174 0.484034 0.426174 0.485714 0.424497 0.489076 0.424497 0.489076 0.422819 0.490756 0.421141 0.490756 0.419463 0.492437 0.417785 0.492437 0.414430
0 0.505882 0.404362 0.505882 0.406040 0.504202 0.407718 0.504202 0.412752 0.507563 0.412752 0.509244 0.411074 0.512605 0.411074 0.512605 0.407718 0.510924 0.407718 0.507563 0.404362