0 0.588235 0.696309 0.588235 0.701342 0.594958 0.701342 0.596639 0.699664 0.596639 0.697987 0.593277 0.697987 0.591597 0.696309
0 0.463866 0.493289 0.463866 0.494966 0.465546 0.496644 0.465546 0.498322 0.467227 0.498322 0.467227 0.496644 0.465546 0.494966 0.465546 0.493289
0 0.359664 0.488255 0.359664 0.489933 0.361345 0.489933 0.363025 0.488255 0.364706 0.488255 0.368067 0.491611 0.369748 0.491611 0.371429 0.489933 0.374790 0.489933 0.374790 0.488255 0.369748 0.488255 0.368067 0.486577 0.368067 0.484899 0.364706 0.484899 0.363025 0.486577 0.361345 0.486577
0 0.514286 0.481544 0.510924 0.481544 0.510924 0.483221 0.509244 0.484899 0.505882 0.484899 0.504202 0.486577 0.502521 0.486577 0.500840 0.484899 0.497479 0.484899 0.495798 0.483221 0.494118 0.483221 0.494118 0.484899 0.495798 0.486577 0.495798 0.488255 0.500840 0.488255 0.504202 0.491611 0.505882 0.491611 0.509244 0.488255 0.509244 0.486577 0.510924 0.484899 0.512605 0.484899 0.514286 0.483221
0 0.505882 0.478188 0.504202 0.476510 0.502521 0.476510 0.500840 0.478188 0.499160 0.478188 0.499160 0.481544 0.502521 0.481544 0.504202 0.479866 0.505882 0.479866
0 0.378151 0.474832 0.378151 0.476510 0.379832 0.476510 0.381513 0.478188 0.383193 0.478188 0.384874 0.476510 0.384874 0.474832
0 0.361345 0.474832 0.361345 0.478188 0.366387 0.478188 0.366387 0.476510 0.368067 0.474832 0.369748 0.474832 0.371429 0.476510 0.373109 0.476510 0.373109 0.474832 0.369748 0.474832 0.368067 0.473154 0.364706 0.473154 0.363025 0.474832
0 0.509244 0.461409 0.509244 0.463087 0.514286 0.464765 0.515966 0.466443 0.515966 0.468121 0.517647 0.468121 0.521008 0.471477 0.521008 0.474832 0.522689 0.476510 0.531092 0.476510 0.532773 0.478188 0.529412 0.481544 0.527731 0.481544 0.527731 0.483221 0.524370 0.486577 0.522689 0.484899 0.519328 0.484899 0.517647 0.486577 0.515966 0.486577 0.515966 0.488255 0.519328 0.488255 0.521008 0.489933 0.534454 0.489933 0.534454 0.488255 0.532773 0.486577 0.532773 0.483221 0.534454 0.481544 0.536134 0.481544 0.536134 0.479866 0.537815 0.478188 0.539496 0.478188 0.539496 0.473154 0.537815 0.473154 0.536134 0.471477 0.536134 0.468121 0.531092 0.468121 0.529412 0.466443 0.529412 0.459732 0.526050 0.459732 0.524370 0.458054 0.522689 0.458054 0.521008 0.459732 0.519328 0.458054 0.514286 0.458054 0.514286 0.459732 0.512605 0.461409
0 0.336134 0.414430 0.332773 0.414430 0.332773 0.416107 0.331092 0.417785 0.331092 0.419463 0.334454 0.419463 0.334454 0.417785 0.336134 0.416107
0 0.262185 0.374161 0.262185 0.375839 0.267227 0.375839 0.267227 0.374161
0 0.278992 0.355705 0.273950 0.355705 0.272269 0.357383 0.272269 0.359060 0.273950 0.359060 0.275630 0.360738 0.273950 0.362416 0.268908 0.362416 0.268908 0.364094 0.267227 0.365772 0.267227 0.367450 0.265546 0.369128 0.265546 0.370805 0.272269 0.370805 0.272269 0.369128 0.273950 0.367450 0.275630 0.367450 0.275630 0.365772 0.273950 0.364094 0.273950 0.362416 0.275630 0.360738 0.277311 0.360738 0.278992 0.359060
0 0.205042 0.340604 0.205042 0.343960 0.206723 0.343960 0.206723 0.340604
0 0.223529 0.337248 0.218487 0.337248 0.218487 0.338926 0.216807 0.340604 0.215126 0.340604 0.215126 0.342282 0.216807 0.342282 0.218487 0.340604 0.223529 0.340604
0 0.230252 0.335570 0.230252 0.340604 0.228571 0.342282 0.226891 0.342282 0.226891 0.343960 0.225210 0.345638 0.225210 0.348993 0.226891 0.350671 0.225210 0.352349 0.225210 0.359060 0.226891 0.359060 0.228571 0.360738 0.231933 0.360738 0.231933 0.359060 0.233613 0.357383 0.235294 0.357383 0.236975 0.359060 0.235294 0.360738 0.235294 0.362416 0.238655 0.362416 0.238655 0.357383 0.240336 0.355705 0.240336 0.354027 0.238655 0.352349 0.238655 0.350671 0.236975 0.348993 0.236975 0.347315 0.235294 0.345638 0.235294 0.343960 0.230252 0.343960 0.228571 0.342282 0.230252 0.340604 0.233613 0.340604 0.233613 0.338926 0.235294 0.337248 0.235294 0.335570
0 0.275630 0.332215 0.273950 0.332215 0.273950 0.337248 0.272269 0.338926 0.272269 0.342282 0.273950 0.342282 0.273950 0.340604 0.275630 0.338926
0 0.267227 0.328859 0.267227 0.330537 0.270588 0.330537 0.270588 0.328859
0 0.334454 0.320470 0.334454 0.323826 0.342857 0.323826 0.346218 0.327181 0.344538 0.328859 0.344538 0.330537 0.349580 0.330537 0.349580 0.328859 0.347899 0.327181 0.347899 0.325503 0.346218 0.323826 0.344538 0.323826 0.341176 0.320470
0 0.272269 0.322148 0.270588 0.322148 0.268908 0.320470 0.268908 0.318792 0.267227 0.318792 0.267227 0.320470 0.265546 0.322148 0.263866 0.322148 0.262185 0.323826 0.262185 0.325503 0.265546 0.325503 0.267227 0.323826 0.272269 0.323826
0 0.252101 0.322148 0.258824 0.322148 0.260504 0.320470 0.260504 0.318792 0.253782 0.318792 0.252101 0.320470
0 0.305882 0.302013 0.305882 0.305369 0.309244 0.305369 0.310924 0.307047 0.310924 0.310403 0.307563 0.312081 0.305882 0.317114 0.309244 0.318792 0.307563 0.320470 0.302521 0.320470 0.302521 0.323826 0.309244 0.328859 0.307563 0.330537 0.305882 0.338926 0.310924 0.340604 0.315966 0.347315 0.321008 0.348993 0.327731 0.340604 0.337815 0.338926 0.339496 0.335570 0.336134 0.335570 0.334454 0.337248 0.332773 0.335570 0.332773 0.332215 0.331092 0.332215 0.326050 0.338926 0.324370 0.335570 0.319328 0.333893 0.315966 0.335570 0.315966 0.338926 0.312605 0.340604 0.310924 0.338926 0.312605 0.337248 0.310924 0.330537 0.314286 0.328859 0.314286 0.327181 0.309244 0.323826 0.310924 0.318792 0.307563 0.317114 0.312605 0.313758 0.314286 0.305369 0.309244 0.302013
0 0.213445 0.290268 0.213445 0.291946 0.215126 0.291946 0.216807 0.293624 0.216807 0.295302 0.223529 0.295302 0.223529 0.293624 0.221849 0.291946 0.221849 0.290268 0.220168 0.290268 0.220168 0.291946 0.218487 0.293624 0.216807 0.291946 0.216807 0.288591 0.215126 0.288591
0 0.415126 0.256711 0.415126 0.261745 0.416807 0.261745 0.416807 0.256711
0 0.398319 0.224832 0.394958 0.228188 0.394958 0.229866 0.391597 0.231544 0.389916 0.236577 0.393277 0.236577 0.394958 0.239933 0.393277 0.241611 0.391597 0.239933 0.388235 0.239933 0.388235 0.243289 0.391597 0.241611 0.393277 0.243289 0.393277 0.246644 0.394958 0.248322 0.393277 0.251678 0.401681 0.251678 0.403361 0.253356 0.400000 0.256711 0.396639 0.255034 0.398319 0.258389 0.401681 0.258389 0.403361 0.256711 0.406723 0.256711 0.408403 0.253356 0.403361 0.253356 0.401681 0.250000 0.398319 0.250000 0.394958 0.246644 0.398319 0.244966 0.398319 0.243289 0.401681 0.239933 0.406723 0.239933 0.406723 0.238255 0.410084 0.236577 0.410084 0.234899 0.401681 0.234899 0.398319 0.236577 0.396639 0.234899 0.398319 0.231544 0.398319 0.228188 0.400000 0.226510 0.400000 0.224832
0 0.374790 0.221477 0.374790 0.224832 0.378151 0.224832 0.379832 0.226510 0.384874 0.226510 0.386555 0.228188 0.384874 0.229866 0.379832 0.229866 0.379832 0.231544 0.384874 0.231544 0.384874 0.229866 0.386555 0.228188 0.388235 0.228188 0.389916 0.226510 0.391597 0.226510 0.391597 0.223154 0.389916 0.221477 0.384874 0.221477 0.383193 0.223154 0.379832 0.223154 0.378151 0.221477
0 0.475630 0.226510 0.475630 0.228188 0.477311 0.228188 0.478992 0.229866 0.478992 0.231544 0.482353 0.231544 0.484034 0.229866 0.485714 0.229866 0.487395 0.228188 0.489076 0.228188 0.489076 0.226510 0.487395 0.224832 0.487395 0.223154 0.485714 0.223154 0.480672 0.228188 0.478992 0.226510 0.478992 0.224832 0.482353 0.221477 0.482353 0.219799 0.478992 0.219799 0.478992 0.223154
0 0.485714 0.214765 0.485714 0.216443 0.487395 0.216443 0.489076 0.214765 0.492437 0.214765 0.494118 0.216443 0.490756 0.219799 0.490756 0.221477 0.492437 0.221477 0.494118 0.223154 0.494118 0.224832 0.499160 0.224832 0.499160 0.221477 0.497479 0.221477 0.495798 0.219799 0.495798 0.218121 0.497479 0.216443 0.497479 0.214765 0.492437 0.214765 0.490756 0.213087 0.489076 0.213087 0.487395 0.214765
0 0.477311 0.206376 0.473950 0.206376 0.473950 0.209732 0.475630 0.209732 0.477311 0.208054
0 0.468908 0.204698 0.470588 0.204698 0.472269 0.203020 0.475630 0.203020 0.475630 0.201342 0.477311 0.199664 0.480672 0.199664 0.482353 0.201342 0.484034 0.201342 0.484034 0.199664 0.482353 0.199664 0.480672 0.197987 0.472269 0.197987 0.468908 0.201342
0 0.484034 0.157718 0.484034 0.161074 0.487395 0.161074 0.487395 0.159396 0.485714 0.157718
0 0.401681 0.154362 0.400000 0.156040 0.400000 0.157718 0.401681 0.159396 0.401681 0.161074 0.406723 0.161074 0.406723 0.159396 0.403361 0.156040 0.403361 0.154362
0 0.415126 0.152685 0.415126 0.154362 0.416807 0.154362 0.418487 0.156040 0.425210 0.156040 0.426891 0.157718 0.425210 0.159396 0.425210 0.161074 0.423529 0.162752 0.420168 0.162752 0.420168 0.166107 0.421849 0.166107 0.423529 0.164430 0.423529 0.162752 0.425210 0.161074 0.430252 0.161074 0.430252 0.159396 0.431933 0.157718 0.431933 0.156040 0.426891 0.156040 0.425210 0.154362 0.420168 0.154362 0.418487 0.152685
0 0.499160 0.151007 0.497479 0.149329 0.494118 0.149329 0.492437 0.151007 0.492437 0.152685 0.490756 0.154362 0.490756 0.156040 0.492437 0.156040 0.492437 0.154362 0.494118 0.152685 0.499160 0.152685
0 0.475630 0.142617 0.475630 0.144295 0.477311 0.144295 0.478992 0.145973 0.477311 0.147651 0.477311 0.149329 0.478992 0.149329 0.478992 0.147651 0.480672 0.145973 0.484034 0.145973 0.485714 0.147651 0.487395 0.147651 0.487395 0.144295 0.482353 0.144295 0.480672 0.142617
0 0.023529 0.134228 0.023529 0.137584 0.028571 0.137584 0.028571 0.135906 0.026891 0.134228
0 0.016807 0.134228 0.015126 0.134228 0.015126 0.135906 0.013445 0.137584 0.013445 0.139262 0.016807 0.139262
0 0.003361 0.100671 0.000000 0.100671 0.000000 0.104027 0.001681 0.104027 0.003361 0.102349
0 0.010084 0.097315 0.008403 0.097315 0.006723 0.098993 0.006723 0.100671 0.010084 0.100671
0 0.072269 0.097315 0.068908 0.095638 0.065546 0.095638 0.062185 0.104027 0.058824 0.107383 0.055462 0.109060 0.053782 0.107383 0.048739 0.107383 0.053782 0.117450 0.052101 0.125839 0.042017 0.130872 0.038655 0.134228 0.033613 0.135906 0.033613 0.137584 0.038655 0.137584 0.040336 0.134228 0.047059 0.134228 0.047059 0.130872 0.052101 0.127517 0.055462 0.127517 0.055462 0.125839 0.058824 0.122483 0.058824 0.115772 0.057143 0.112416 0.058824 0.110738 0.062185 0.112416 0.062185 0.109060 0.067227 0.100671 0.070588 0.100671 0.073950 0.102349
0 0.077311 0.070470 0.075630 0.070470 0.073950 0.072148 0.073950 0.073826 0.072269 0.075503 0.072269 0.078859 0.068908 0.082215 0.067227 0.082215 0.067227 0.083893 0.068908 0.083893 0.072269 0.087248 0.070588 0.088926 0.070588 0.090604 0.072269 0.090604 0.073950 0.092282 0.075630 0.092282 0.075630 0.090604 0.077311 0.088926 0.078992 0.088926 0.078992 0.087248 0.077311 0.087248 0.075630 0.085570 0.075630 0.083893 0.077311 0.082215 0.082353 0.082215 0.082353 0.080537 0.078992 0.080537 0.077311 0.078859 0.077311 0.077181 0.075630 0.075503 0.077311 0.073826
0 0.078992 0.062081 0.078992 0.065436 0.080672 0.065436 0.080672 0.062081
0 0.015126 0.041946 0.011765 0.041946 0.010084 0.043624 0.010084 0.045302 0.008403 0.046980 0.001681 0.046980 0.001681 0.053691 0.000000 0.055369 0.000000 0.060403 0.003361 0.060403 0.006723 0.057047 0.008403 0.057047 0.013445 0.052013 0.015126 0.052013 0.015126 0.045302 0.016807 0.043624
0 0.038655 0.040268 0.038655 0.041946 0.042017 0.041946 0.042017 0.040268
0 0.045378 0.045302 0.048739 0.045302 0.050420 0.046980 0.050420 0.048658 0.052101 0.048658 0.053782 0.050336 0.058824 0.050336 0.060504 0.048658 0.062185 0.048658 0.065546 0.045302 0.067227 0.045302 0.072269 0.041946 0.077311 0.041946 0.078992 0.040268 0.080672 0.040268 0.082353 0.041946 0.082353 0.045302 0.084034 0.045302 0.085714 0.043624 0.087395 0.043624 0.087395 0.040268 0.084034 0.040268 0.082353 0.038591 0.077311 0.038591 0.075630 0.040268 0.073950 0.040268 0.072269 0.038591 0.065546 0.038591 0.065546 0.041946 0.060504 0.045302 0.060504 0.048658 0.058824 0.050336 0.050420 0.041946 0.045378 0.043624
0 0.026891 0.041946 0.026891 0.043624 0.035294 0.043624 0.035294 0.040268 0.033613 0.040268 0.031933 0.038591 0.028571 0.038591 0.028571 0.040268
0 0.115966 0.035235 0.117647 0.036913 0.115966 0.038591 0.115966 0.041946 0.119328 0.041946 0.121008 0.040268 0.121008 0.036913 0.119328 0.036913 0.117647 0.035235