0 0.364706 0.884228 0.364706 0.885906 0.369748 0.885906 0.369748 0.884228
0 0.278992 0.862416 0.278992 0.864094 0.284034 0.864094 0.284034 0.862416
0 0.057143 0.854027 0.057143 0.855705 0.060504 0.855705 0.060504 0.854027
0 0.836975 0.843960 0.833613 0.843960 0.833613 0.847315 0.831933 0.848993 0.831933 0.852349 0.835294 0.852349 0.835294 0.847315 0.836975 0.845638
0 0.087395 0.827181 0.087395 0.828859 0.095798 0.828859 0.097479 0.830537 0.099160 0.830537 0.099160 0.828859 0.097479 0.827181 0.094118 0.827181 0.090756 0.823826 0.089076 0.823826 0.089076 0.825503
0 0.791597 0.825503 0.794958 0.832215 0.798319 0.832215 0.800000 0.835570 0.803361 0.835570 0.806723 0.840604 0.813445 0.840604 0.811765 0.837248 0.815126 0.833893 0.816807 0.835570 0.821849 0.833893 0.823529 0.828859 0.820168 0.828859 0.818487 0.832215 0.815126 0.832215 0.811765 0.828859 0.813445 0.825503 0.818487 0.823826 0.820168 0.825503 0.828571 0.825503 0.831933 0.828859 0.828571 0.830537 0.826891 0.835570 0.836975 0.833893 0.840336 0.832215 0.843697 0.837248 0.847059 0.835570 0.845378 0.832215 0.847059 0.827181 0.843697 0.822148 0.831933 0.822148 0.828571 0.818792 0.831933 0.817114 0.821849 0.815436 0.820168 0.813758 0.811765 0.817114 0.813445 0.822148 0.806723 0.827181 0.800000 0.827181 0.798319 0.828859 0.796639 0.825503
0 0.796639 0.812081 0.796639 0.813758 0.794958 0.815436 0.794958 0.817114 0.793277 0.818792 0.793277 0.820470 0.796639 0.820470 0.796639 0.818792 0.798319 0.817114 0.800000 0.818792 0.800000 0.820470 0.805042 0.820470 0.805042 0.818792 0.800000 0.818792 0.798319 0.817114 0.798319 0.812081
0 0.090756 0.812081 0.090756 0.813758 0.092437 0.815436 0.095798 0.815436 0.095798 0.813758 0.094118 0.813758 0.092437 0.812081
0 0.107563 0.810403 0.107563 0.812081 0.110924 0.812081 0.112605 0.813758 0.112605 0.817114 0.114286 0.817114 0.115966 0.818792 0.117647 0.818792 0.119328 0.817114 0.121008 0.817114 0.121008 0.812081 0.119328 0.812081 0.117647 0.810403 0.114286 0.810403 0.112605 0.812081 0.110924 0.812081 0.109244 0.810403
0 0.789916 0.805369 0.788235 0.805369 0.786555 0.807047 0.784874 0.807047 0.784874 0.810403 0.786555 0.812081 0.784874 0.813758 0.781513 0.813758 0.781513 0.815436 0.784874 0.815436 0.784874 0.813758 0.786555 0.812081 0.788235 0.812081 0.788235 0.810403 0.789916 0.808725
0 0.821849 0.798658 0.818487 0.798658 0.816807 0.796980 0.816807 0.795302 0.811765 0.795302 0.810084 0.796980 0.805042 0.796980 0.803361 0.798658 0.801681 0.798658 0.801681 0.800336 0.810084 0.800336 0.810084 0.798658 0.811765 0.796980 0.816807 0.796980 0.818487 0.798658 0.818487 0.800336 0.821849 0.800336
0 0.104202 0.796980 0.104202 0.798658 0.105882 0.800336 0.105882 0.802013 0.107563 0.802013 0.109244 0.800336 0.110924 0.800336 0.110924 0.796980 0.109244 0.796980 0.107563 0.795302 0.105882 0.795302
0 0.089076 0.793624 0.089076 0.795302 0.094118 0.795302 0.092437 0.793624
0 0.181513 0.788591 0.176471 0.788591 0.176471 0.790268 0.178151 0.791946 0.176471 0.793624 0.173109 0.793624 0.173109 0.796980 0.174790 0.798658 0.174790 0.800336 0.176471 0.800336 0.178151 0.798658 0.178151 0.795302 0.176471 0.793624 0.178151 0.791946 0.181513 0.791946
0 0.193277 0.783557 0.193277 0.785235 0.191597 0.786913 0.191597 0.788591 0.193277 0.790268 0.191597 0.791946 0.189916 0.791946 0.188235 0.790268 0.186555 0.790268 0.186555 0.791946 0.188235 0.791946 0.189916 0.793624 0.191597 0.793624 0.193277 0.795302 0.196639 0.795302 0.198319 0.793624 0.198319 0.791946 0.196639 0.790268 0.198319 0.788591 0.198319 0.785235 0.196639 0.783557
0 0.157983 0.771812 0.157983 0.775168 0.159664 0.775168 0.161345 0.773490 0.164706 0.773490 0.166387 0.775168 0.171429 0.775168 0.173109 0.773490 0.174790 0.773490 0.176471 0.775168 0.181513 0.775168 0.181513 0.771812 0.179832 0.770134 0.181513 0.768456 0.181513 0.766779 0.169748 0.766779 0.169748 0.768456 0.168067 0.770134 0.166387 0.770134 0.164706 0.768456 0.164706 0.766779 0.163025 0.766779 0.161345 0.768456 0.159664 0.768456 0.159664 0.770134
0 0.354622 0.651007 0.354622 0.654362 0.352941 0.656040 0.352941 0.657718 0.354622 0.659396 0.356303 0.659396 0.357983 0.661074 0.357983 0.662752 0.359664 0.664430 0.364706 0.664430 0.366387 0.662752 0.368067 0.664430 0.373109 0.664430 0.373109 0.662752 0.368067 0.662752 0.364706 0.659396 0.364706 0.657718 0.366387 0.656040 0.366387 0.654362 0.364706 0.652685 0.359664 0.652685 0.357983 0.651007
0 0.779832 0.629195 0.779832 0.632550 0.781513 0.632550 0.786555 0.637584 0.786555 0.639262 0.788235 0.640940 0.796639 0.640940 0.798319 0.642617 0.800000 0.642617 0.800000 0.640940 0.801681 0.639262 0.805042 0.639262 0.806723 0.640940 0.808403 0.640940 0.810084 0.639262 0.811765 0.639262 0.811765 0.637584 0.803361 0.637584 0.801681 0.635906 0.803361 0.634228 0.805042 0.634228 0.806723 0.632550 0.806723 0.630872 0.805042 0.630872 0.803361 0.629195 0.800000 0.629195 0.796639 0.625839 0.794958 0.625839 0.793277 0.627517 0.791597 0.627517 0.791597 0.629195 0.788235 0.632550 0.783193 0.632550 0.781513 0.630872 0.781513 0.629195
0 0.761345 0.624161 0.761345 0.625839 0.763025 0.627517 0.763025 0.629195 0.764706 0.630872 0.764706 0.632550 0.766387 0.634228 0.769748 0.634228 0.769748 0.632550 0.768067 0.630872 0.768067 0.629195 0.766387 0.627517 0.766387 0.625839 0.764706 0.624161
0 0.805042 0.622483 0.805042 0.625839 0.810084 0.625839 0.810084 0.624161 0.808403 0.622483
0 0.789916 0.622483 0.786555 0.622483 0.784874 0.624161 0.784874 0.625839 0.788235 0.625839 0.789916 0.624161
0 0.768067 0.617450 0.764706 0.617450 0.763025 0.619128 0.761345 0.619128 0.763025 0.620805 0.766387 0.620805 0.768067 0.619128
0 0.825210 0.530201 0.820168 0.530201 0.820168 0.531879 0.818487 0.533557 0.815126 0.533557 0.815126 0.536913 0.820168 0.536913 0.821849 0.535235 0.823529 0.535235 0.825210 0.533557
0 0.480672 0.515101 0.480672 0.516779 0.482353 0.516779 0.484034 0.518456 0.485714 0.518456 0.485714 0.516779 0.484034 0.515101
0 0.460504 0.511745 0.460504 0.516779 0.458824 0.518456 0.458824 0.520134 0.462185 0.520134 0.463866 0.521812 0.467227 0.521812 0.470588 0.525168 0.473950 0.525168 0.473950 0.521812 0.472269 0.520134 0.472269 0.518456 0.470588 0.516779 0.465546 0.516779 0.463866 0.518456 0.462185 0.516779 0.462185 0.515101 0.463866 0.513423 0.463866 0.511745
0 0.823529 0.513423 0.820168 0.513423 0.816807 0.510067 0.815126 0.510067 0.813445 0.508389 0.811765 0.508389 0.811765 0.510067 0.810084 0.511745 0.810084 0.518456 0.813445 0.518456 0.815126 0.520134 0.813445 0.521812 0.813445 0.523490 0.811765 0.525168 0.810084 0.525168 0.808403 0.526846 0.806723 0.526846 0.806723 0.528523 0.811765 0.528523 0.813445 0.526846 0.813445 0.525168 0.815126 0.523490 0.816807 0.523490 0.816807 0.520134 0.815126 0.520134 0.813445 0.518456 0.815126 0.516779 0.821849 0.516779 0.823529 0.515101
0 0.468908 0.508389 0.468908 0.510067 0.472269 0.510067 0.472269 0.508389
0 0.482353 0.491611 0.475630 0.491611 0.473950 0.489933 0.473950 0.488255 0.470588 0.488255 0.468908 0.489933 0.467227 0.489933 0.467227 0.491611 0.465546 0.493289 0.463866 0.493289 0.462185 0.494966 0.462185 0.496644 0.460504 0.498322 0.458824 0.496644 0.457143 0.496644 0.457143 0.498322 0.455462 0.500000 0.455462 0.501678 0.458824 0.501678 0.458824 0.500000 0.460504 0.498322 0.462185 0.500000 0.462185 0.501678 0.463866 0.503356 0.468908 0.503356 0.468908 0.500000 0.467227 0.498322 0.470588 0.494966 0.472269 0.494966 0.473950 0.496644 0.475630 0.496644 0.477311 0.494966 0.482353 0.494966
0 0.184874 0.337248 0.184874 0.340604 0.186555 0.340604 0.188235 0.338926 0.189916 0.338926 0.188235 0.338926 0.186555 0.337248
0 0.176471 0.337248 0.176471 0.340604 0.181513 0.340604 0.181513 0.338926 0.179832 0.337248
0 0.235294 0.332215 0.233613 0.332215 0.231933 0.330537 0.231933 0.328859 0.230252 0.327181 0.230252 0.323826 0.226891 0.323826 0.226891 0.325503 0.225210 0.327181 0.223529 0.327181 0.223529 0.328859 0.221849 0.330537 0.220168 0.330537 0.220168 0.332215 0.218487 0.333893 0.216807 0.333893 0.216807 0.335570 0.218487 0.337248 0.216807 0.338926 0.210084 0.338926 0.206723 0.335570 0.206723 0.333893 0.201681 0.333893 0.201681 0.338926 0.203361 0.340604 0.203361 0.342282 0.205042 0.342282 0.206723 0.340604 0.208403 0.342282 0.213445 0.342282 0.215126 0.340604 0.216807 0.340604 0.216807 0.338926 0.218487 0.337248 0.223529 0.337248 0.225210 0.335570 0.231933 0.335570 0.233613 0.333893 0.235294 0.333893
0 0.220168 0.310403 0.216807 0.305369 0.213445 0.305369 0.211765 0.307047 0.210084 0.305369 0.206723 0.305369 0.205042 0.303691 0.205042 0.302013 0.200000 0.302013 0.200000 0.303691 0.194958 0.307047 0.188235 0.307047 0.186555 0.308725 0.176471 0.308725 0.176471 0.310403 0.174790 0.312081 0.174790 0.315436 0.176471 0.317114 0.176471 0.318792 0.181513 0.318792 0.179832 0.313758 0.181513 0.312081 0.186555 0.312081 0.191597 0.308725 0.194958 0.312081 0.193277 0.313758 0.193277 0.315436 0.194958 0.315436 0.196639 0.317114 0.200000 0.317114 0.201681 0.315436 0.203361 0.317114 0.208403 0.317114 0.210084 0.315436 0.218487 0.315436 0.220168 0.313758
0 0.744538 0.291946 0.744538 0.295302 0.749580 0.295302 0.751261 0.296980 0.754622 0.296980 0.757983 0.300336 0.764706 0.300336 0.764706 0.298658 0.763025 0.298658 0.759664 0.295302 0.756303 0.295302 0.752941 0.291946
0 0.722689 0.283557 0.722689 0.285235 0.721008 0.286913 0.719328 0.286913 0.719328 0.290268 0.717647 0.291946 0.715966 0.291946 0.715966 0.293624 0.719328 0.293624 0.721008 0.295302 0.721008 0.296980 0.722689 0.298658 0.722689 0.305369 0.724370 0.307047 0.726050 0.307047 0.729412 0.310403 0.737815 0.310403 0.737815 0.308725 0.734454 0.305369 0.734454 0.303691 0.737815 0.300336 0.739496 0.300336 0.739496 0.298658 0.736134 0.298658 0.734454 0.296980 0.736134 0.295302 0.741176 0.293624 0.741176 0.291946 0.736134 0.293624 0.734454 0.291946 0.734454 0.290268 0.731092 0.290268 0.729412 0.291946 0.727731 0.291946 0.727731 0.293624 0.726050 0.295302 0.722689 0.295302 0.721008 0.293624 0.724370 0.288591 0.724370 0.283557
0 0.867227 0.209732 0.867227 0.214765 0.872269 0.216443 0.870588 0.223154 0.873950 0.224832 0.875630 0.231544 0.878992 0.231544 0.890756 0.243289 0.894118 0.243289 0.902521 0.250000 0.912605 0.250000 0.914286 0.243289 0.907563 0.239933 0.909244 0.236577 0.905882 0.229866 0.900840 0.228188 0.904202 0.223154 0.904202 0.219799 0.899160 0.219799 0.897479 0.223154 0.900840 0.231544 0.897479 0.234899 0.895798 0.233221 0.892437 0.234899 0.889076 0.231544 0.892437 0.228188 0.887395 0.228188 0.885714 0.229866 0.877311 0.218121 0.880672 0.213087 0.885714 0.213087 0.887395 0.216443 0.894118 0.218121 0.892437 0.211409 0.890756 0.209732 0.880672 0.209732 0.878992 0.211409 0.877311 0.208054