0 0.462185 0.625839 0.462185 0.627517 0.463866 0.629195 0.467227 0.629195 0.467227 0.627517 0.465546 0.627517 0.463866 0.625839
0 0.473950 0.555369 0.473950 0.558725 0.475630 0.560403 0.475630 0.562081 0.478992 0.562081 0.478992 0.560403 0.477311 0.558725 0.477311 0.555369
0 0.447059 0.553691 0.447059 0.555369 0.448739 0.555369 0.450420 0.557047 0.448739 0.558725 0.447059 0.558725 0.445378 0.560403 0.445378 0.562081 0.447059 0.562081 0.448739 0.563758 0.450420 0.563758 0.452101 0.562081 0.455462 0.562081 0.455462 0.557047 0.453782 0.557047 0.452101 0.555369 0.452101 0.553691
0 0.482353 0.550336 0.482353 0.553691 0.484034 0.553691 0.485714 0.552013 0.487395 0.553691 0.487395 0.555369 0.490756 0.555369 0.490756 0.552013 0.485714 0.552013 0.484034 0.550336
0 0.472269 0.538591 0.470588 0.538591 0.467227 0.541946 0.465546 0.540268 0.465546 0.538591 0.460504 0.538591 0.458824 0.540268 0.455462 0.540268 0.455462 0.541946 0.453782 0.543624 0.452101 0.541946 0.450420 0.541946 0.450420 0.543624 0.448739 0.545302 0.447059 0.545302 0.445378 0.546980 0.445378 0.550336 0.448739 0.550336 0.450420 0.548658 0.450420 0.546980 0.452101 0.545302 0.453782 0.545302 0.453782 0.543624 0.455462 0.541946 0.458824 0.541946 0.460504 0.540268 0.462185 0.541946 0.463866 0.541946 0.465546 0.543624 0.465546 0.545302 0.467227 0.545302 0.468908 0.543624 0.470588 0.543624 0.472269 0.541946
0 0.487395 0.535235 0.487395 0.536913 0.494118 0.536913 0.500840 0.541946 0.499160 0.543624 0.495798 0.543624 0.495798 0.545302 0.499160 0.546980 0.494118 0.550336 0.494118 0.553691 0.497479 0.553691 0.502521 0.557047 0.500840 0.558725 0.497479 0.558725 0.497479 0.562081 0.500840 0.562081 0.500840 0.558725 0.502521 0.557047 0.505882 0.562081 0.505882 0.565436 0.507563 0.567114 0.510924 0.567114 0.510924 0.562081 0.507563 0.558725 0.507563 0.557047 0.505882 0.557047 0.502521 0.553691 0.510924 0.548658 0.514286 0.548658 0.514286 0.545302 0.515966 0.543624 0.515966 0.540268 0.517647 0.536913 0.514286 0.535235 0.510924 0.535235 0.509244 0.533557 0.499160 0.533557 0.497479 0.535235 0.495798 0.533557 0.492437 0.533557 0.490756 0.535235
0 0.435294 0.174497 0.431933 0.174497 0.431933 0.176174 0.430252 0.177852 0.428571 0.177852 0.428571 0.179530 0.430252 0.179530 0.430252 0.177852 0.431933 0.176174 0.435294 0.176174
0 0.423529 0.172819 0.423529 0.174497 0.426891 0.174497 0.426891 0.172819
0 0.445378 0.166107 0.445378 0.167785 0.450420 0.167785 0.450420 0.166107
0 0.470588 0.164430 0.470588 0.166107 0.472269 0.166107 0.475630 0.169463 0.478992 0.169463 0.480672 0.167785 0.482353 0.169463 0.485714 0.169463 0.487395 0.167785 0.489076 0.167785 0.490756 0.166107 0.492437 0.166107 0.492437 0.164430 0.485714 0.164430 0.484034 0.162752 0.472269 0.162752
0 0.462185 0.162752 0.462185 0.166107 0.463866 0.166107 0.463866 0.162752