0 0.329412 0.877517 0.329412 0.879195 0.334454 0.879195 0.334454 0.877517
0 0.521008 0.557047 0.521008 0.558725 0.524370 0.558725 0.524370 0.557047
0 0.505882 0.555369 0.505882 0.558725 0.507563 0.558725 0.507563 0.555369
0 0.514286 0.548658 0.514286 0.552013 0.519328 0.552013 0.519328 0.548658
0 0.526050 0.538591 0.526050 0.541946 0.527731 0.541946 0.527731 0.538591
0 0.492437 0.531879 0.492437 0.533557 0.494118 0.533557 0.495798 0.535235 0.497479 0.535235 0.495798 0.533557 0.497479 0.531879 0.497479 0.530201 0.495798 0.530201 0.494118 0.531879
0 0.447059 0.521812 0.447059 0.530201 0.452101 0.530201 0.455462 0.533557 0.455462 0.535235 0.457143 0.535235 0.460504 0.538591 0.468908 0.541946 0.470588 0.543624 0.470588 0.546980 0.472269 0.548658 0.472269 0.550336 0.484034 0.550336 0.484034 0.548658 0.482353 0.546980 0.477311 0.546980 0.473950 0.543624 0.472269 0.538591 0.467227 0.538591 0.465546 0.536913 0.465546 0.533557 0.467227 0.531879 0.468908 0.533557 0.468908 0.535235 0.473950 0.535235 0.473950 0.531879 0.472269 0.531879 0.470588 0.530201 0.470588 0.528523 0.465546 0.526846 0.465546 0.528523 0.463866 0.530201 0.462185 0.530201 0.460504 0.528523 0.455462 0.530201 0.453782 0.528523 0.453782 0.525168 0.455462 0.523490 0.455462 0.521812
0 0.438655 0.521812 0.438655 0.523490 0.442017 0.523490 0.442017 0.521812
0 0.438655 0.500000 0.438655 0.501678 0.440336 0.503356 0.443697 0.503356 0.443697 0.501678 0.445378 0.500000 0.447059 0.500000 0.448739 0.501678 0.447059 0.503356 0.447059 0.505034 0.450420 0.505034 0.450420 0.503356 0.452101 0.501678 0.457143 0.501678 0.457143 0.500000 0.448739 0.500000 0.447059 0.498322 0.447059 0.496644 0.443697 0.493289 0.442017 0.493289 0.442017 0.496644
0 0.507563 0.481544 0.502521 0.481544 0.500840 0.483221 0.495798 0.483221 0.494118 0.484899 0.489076 0.484899 0.485714 0.488255 0.484034 0.488255 0.484034 0.489933 0.485714 0.489933 0.487395 0.488255 0.489076 0.488255 0.490756 0.486577 0.495798 0.486577 0.497479 0.484899 0.504202 0.484899 0.505882 0.483221 0.507563 0.483221
0 0.517647 0.479866 0.515966 0.481544 0.515966 0.484899 0.521008 0.484899 0.521008 0.479866