0 0.363025 0.884228 0.363025 0.885906 0.366387 0.885906 0.366387 0.884228
0 0.818487 0.850671 0.818487 0.852349 0.821849 0.852349 0.823529 0.854027 0.823529 0.855705 0.826891 0.855705 0.828571 0.854027 0.830252 0.854027 0.831933 0.852349 0.833613 0.852349 0.833613 0.850671
0 0.828571 0.847315 0.835294 0.847315 0.835294 0.843960 0.830252 0.843960 0.830252 0.845638
0 0.826891 0.838926 0.823529 0.838926 0.823529 0.840604 0.821849 0.842282 0.818487 0.842282 0.818487 0.843960 0.820168 0.845638 0.825210 0.845638 0.825210 0.843960 0.826891 0.842282
0 0.786555 0.822148 0.786555 0.823826 0.788235 0.825503 0.793277 0.825503 0.793277 0.823826 0.791597 0.823826 0.789916 0.822148
0 0.798319 0.810403 0.798319 0.812081 0.801681 0.812081 0.801681 0.810403
0 0.788235 0.810403 0.788235 0.812081 0.791597 0.812081 0.791597 0.810403
0 0.805042 0.802013 0.803361 0.802013 0.800000 0.805369 0.800000 0.807047 0.803361 0.807047 0.805042 0.805369
0 0.095798 0.802013 0.095798 0.803691 0.099160 0.803691 0.099160 0.802013
0 0.156303 0.781879 0.156303 0.783557 0.159664 0.783557 0.161345 0.785235 0.161345 0.788591 0.163025 0.788591 0.163025 0.786913 0.164706 0.785235 0.166387 0.786913 0.166387 0.788591 0.171429 0.788591 0.171429 0.785235 0.169748 0.785235 0.168067 0.783557 0.168067 0.781879 0.164706 0.781879 0.163025 0.783557 0.161345 0.781879 0.161345 0.780201 0.159664 0.780201 0.157983 0.781879
0 0.768067 0.625839 0.771429 0.625839 0.773109 0.627517 0.773109 0.629195 0.774790 0.629195 0.776471 0.630872 0.781513 0.630872 0.783193 0.629195 0.788235 0.629195 0.788235 0.627517 0.786555 0.627517 0.784874 0.625839 0.784874 0.624161 0.786555 0.622483 0.788235 0.624161 0.791597 0.624161 0.791597 0.620805 0.793277 0.619128 0.793277 0.617450 0.791597 0.617450 0.791597 0.619128 0.789916 0.620805 0.784874 0.620805 0.783193 0.619128 0.781513 0.619128 0.778151 0.615772 0.773109 0.615772 0.771429 0.617450 0.769748 0.617450 0.769748 0.619128 0.771429 0.619128 0.773109 0.617450 0.776471 0.617450 0.781513 0.620805 0.779832 0.622483 0.778151 0.622483 0.778151 0.625839 0.776471 0.627517 0.773109 0.622483 0.768067 0.622483
0 0.828571 0.552013 0.828571 0.553691 0.830252 0.553691 0.831933 0.555369 0.833613 0.555369 0.833613 0.552013
0 0.786555 0.521812 0.786555 0.526846 0.788235 0.526846 0.789916 0.528523 0.789916 0.530201 0.796639 0.530201 0.798319 0.531879 0.798319 0.533557 0.810084 0.533557 0.810084 0.531879 0.808403 0.530201 0.808403 0.525168 0.801681 0.525168 0.800000 0.523490 0.794958 0.523490 0.793277 0.521812
0 0.473950 0.511745 0.473950 0.513423 0.478992 0.513423 0.480672 0.515101 0.480672 0.516779 0.489076 0.516779 0.489076 0.511745 0.485714 0.511745 0.484034 0.510067 0.484034 0.508389 0.475630 0.508389 0.475630 0.510067
0 0.294118 0.416107 0.294118 0.417785 0.295798 0.419463 0.299160 0.419463 0.300840 0.417785 0.302521 0.419463 0.304202 0.419463 0.304202 0.416107 0.299160 0.416107 0.297479 0.414430 0.295798 0.414430
0 0.307563 0.409396 0.307563 0.411074 0.310924 0.411074 0.310924 0.409396
0 0.295798 0.407718 0.295798 0.409396 0.297479 0.411074 0.302521 0.411074 0.304202 0.409396 0.304202 0.407718
0 0.166387 0.333893 0.166387 0.335570 0.183193 0.335570 0.184874 0.337248 0.188235 0.337248 0.189916 0.335570 0.189916 0.333893 0.188235 0.332215 0.186555 0.332215 0.184874 0.330537 0.181513 0.330537 0.179832 0.328859 0.181513 0.327181 0.181513 0.323826 0.173109 0.323826 0.173109 0.325503 0.171429 0.327181 0.171429 0.328859 0.169748 0.330537 0.168067 0.330537 0.168067 0.332215