0 0.317340 0.513423 0.008418 0.006711
0 0.348485 0.515101 0.033670 0.016779
0 0.366162 0.501678 0.005051 0.003356
0 0.228956 0.491611 0.006734 0.003356
0 0.323232 0.489094 0.006734 0.005034
0 0.215488 0.489933 0.006734 0.006711
0 0.555556 0.493289 0.037037 0.030201
0 0.276094 0.481544 0.067340 0.053691
0 0.319024 0.455537 0.005051 0.005034
0 0.484007 0.453020 0.005051 0.003356
0 0.475589 0.450503 0.008418 0.008389
0 0.269360 0.448826 0.016835 0.011745
0 0.301347 0.444631 0.010101 0.006711
0 0.410774 0.437919 0.006734 0.003356
0 0.358586 0.442114 0.057239 0.028523
0 0.316498 0.426174 0.006734 0.003356