0 0.593277 0.696309 0.591597 0.696309 0.589916 0.697987 0.589916 0.699664 0.593277 0.699664
0 0.505882 0.476510 0.505882 0.479866 0.509244 0.479866 0.509244 0.476510
0 0.376471 0.471477 0.376471 0.473154 0.378151 0.473154 0.379832 0.474832 0.384874 0.474832 0.384874 0.471477 0.383193 0.471477 0.381513 0.473154 0.379832 0.473154 0.378151 0.471477
0 0.356303 0.466443 0.356303 0.471477 0.361345 0.471477 0.363025 0.469799 0.364706 0.469799 0.366387 0.471477 0.366387 0.473154 0.361345 0.478188 0.356303 0.478188 0.356303 0.483221 0.352941 0.486577 0.352941 0.488255 0.354622 0.488255 0.356303 0.489933 0.356303 0.491611 0.361345 0.491611 0.363025 0.493289 0.368067 0.494966 0.368067 0.489933 0.364706 0.489933 0.363025 0.488255 0.364706 0.486577 0.368067 0.486577 0.368067 0.484899 0.366387 0.483221 0.366387 0.476510 0.368067 0.474832 0.373109 0.474832 0.373109 0.471477 0.371429 0.469799 0.366387 0.469799 0.363025 0.466443
0 0.552941 0.464765 0.544538 0.463087 0.547899 0.468121 0.539496 0.474832 0.542857 0.476510 0.539496 0.483221 0.529412 0.481544 0.529412 0.486577 0.531092 0.488255 0.529412 0.491611 0.526050 0.488255 0.522689 0.489933 0.515966 0.486577 0.514286 0.483221 0.510924 0.483221 0.509244 0.486577 0.512605 0.486577 0.514286 0.488255 0.512605 0.489933 0.500840 0.493289 0.497479 0.489933 0.497479 0.486577 0.490756 0.489933 0.489076 0.494966 0.490756 0.496644 0.495798 0.494966 0.504202 0.496644 0.509244 0.493289 0.519328 0.491611 0.524370 0.493289 0.526050 0.496644 0.529412 0.496644 0.534454 0.493289 0.537815 0.493289 0.534454 0.489933 0.536134 0.486577 0.537815 0.488255 0.547899 0.488255 0.549580 0.486577 0.547899 0.479866 0.552941 0.478188
0 0.532773 0.456376 0.532773 0.458054 0.536134 0.458054 0.536134 0.456376
0 0.519328 0.456376 0.519328 0.458054 0.517647 0.459732 0.517647 0.461409 0.519328 0.461409 0.519328 0.459732 0.521008 0.458054 0.522689 0.459732 0.522689 0.461409 0.524370 0.461409 0.524370 0.458054 0.522689 0.456376
0 0.400000 0.427852 0.400000 0.429530 0.405042 0.429530 0.405042 0.427852
0 0.339496 0.414430 0.337815 0.414430 0.336134 0.412752 0.334454 0.412752 0.334454 0.416107 0.332773 0.417785 0.331092 0.416107 0.329412 0.416107 0.329412 0.417785 0.331092 0.419463 0.331092 0.421141 0.336134 0.421141 0.337815 0.419463 0.339496 0.419463
0 0.226891 0.350671 0.226891 0.352349 0.228571 0.354027 0.230252 0.354027 0.230252 0.350671
0 0.236975 0.348993 0.236975 0.350671 0.243697 0.350671 0.242017 0.350671 0.240336 0.348993
0 0.198319 0.340604 0.198319 0.342282 0.201681 0.342282 0.201681 0.340604
0 0.205042 0.337248 0.205042 0.338926 0.208403 0.338926 0.208403 0.337248
0 0.363025 0.328859 0.351261 0.333893 0.337815 0.323826 0.341176 0.332215 0.321008 0.348993 0.315966 0.347315 0.312605 0.340604 0.309244 0.340604 0.307563 0.345638 0.305882 0.338926 0.314286 0.332215 0.310924 0.327181 0.304202 0.325503 0.312605 0.330537 0.292437 0.337248 0.285714 0.337248 0.277311 0.332215 0.277311 0.343960 0.284034 0.345638 0.280672 0.348993 0.285714 0.354027 0.277311 0.359060 0.270588 0.359060 0.268908 0.372483 0.258824 0.375839 0.267227 0.375839 0.282353 0.367450 0.278992 0.362416 0.285714 0.354027 0.299160 0.354027 0.302521 0.348993 0.324370 0.355705 0.332773 0.342282 0.342857 0.342282 0.346218 0.335570 0.354622 0.335570 0.356303 0.332215 0.363025 0.333893
0 0.263866 0.312081 0.262185 0.312081 0.260504 0.310403 0.258824 0.310403 0.257143 0.312081 0.255462 0.312081 0.253782 0.313758 0.248739 0.313758 0.248739 0.317114 0.247059 0.318792 0.247059 0.320470 0.248739 0.322148 0.250420 0.322148 0.250420 0.320470 0.252101 0.318792 0.253782 0.320470 0.258824 0.320470 0.260504 0.318792 0.263866 0.318792
0 0.304202 0.305369 0.304202 0.307047 0.309244 0.307047 0.310924 0.308725 0.310924 0.310403 0.312605 0.310403 0.312605 0.307047 0.310924 0.305369
0 0.231933 0.290268 0.230252 0.290268 0.228571 0.291946 0.226891 0.291946 0.226891 0.295302 0.228571 0.295302 0.230252 0.293624 0.231933 0.293624
0 0.396639 0.260067 0.396639 0.261745 0.398319 0.261745 0.400000 0.263423 0.405042 0.263423 0.406723 0.261745 0.410084 0.261745 0.410084 0.256711 0.408403 0.256711 0.406723 0.258389 0.405042 0.258389 0.403361 0.256711 0.398319 0.256711 0.398319 0.258389
0 0.398319 0.248322 0.396639 0.246644 0.394958 0.246644 0.393277 0.248322 0.391597 0.248322 0.391597 0.250000 0.398319 0.250000
0 0.405042 0.236577 0.405042 0.239933 0.406723 0.239933 0.408403 0.238255 0.411765 0.238255 0.411765 0.236577
0 0.406723 0.224832 0.401681 0.224832 0.400000 0.226510 0.400000 0.228188 0.398319 0.229866 0.398319 0.233221 0.401681 0.233221 0.403361 0.231544 0.403361 0.229866 0.406723 0.226510
0 0.475630 0.221477 0.473950 0.223154 0.473950 0.226510 0.475630 0.228188 0.475630 0.229866 0.477311 0.229866 0.478992 0.231544 0.478992 0.233221 0.482353 0.233221 0.482353 0.229866 0.480672 0.229866 0.478992 0.228188 0.477311 0.228188 0.475630 0.226510 0.475630 0.224832 0.477311 0.223154 0.478992 0.223154 0.478992 0.221477
0 0.396639 0.219799 0.394958 0.219799 0.391597 0.216443 0.389916 0.216443 0.386555 0.219799 0.383193 0.219799 0.383193 0.221477 0.381513 0.223154 0.381513 0.224832 0.384874 0.224832 0.386555 0.223154 0.394958 0.223154 0.396639 0.221477
0 0.485714 0.209732 0.485714 0.211409 0.487395 0.211409 0.489076 0.213087 0.492437 0.213087 0.494118 0.214765 0.494118 0.218121 0.497479 0.221477 0.495798 0.223154 0.490756 0.223154 0.490756 0.224832 0.495798 0.224832 0.497479 0.226510 0.500840 0.226510 0.502521 0.224832 0.497479 0.219799 0.497479 0.213087 0.494118 0.213087 0.492437 0.211409 0.492437 0.209732
0 0.477311 0.206376 0.477311 0.209732 0.478992 0.209732 0.478992 0.206376
0 0.477311 0.162752 0.478992 0.162752 0.478992 0.161074 0.480672 0.159396 0.482353 0.161074 0.482353 0.164430 0.490756 0.164430 0.490756 0.162752 0.492437 0.161074 0.494118 0.161074 0.494118 0.157718 0.492437 0.157718 0.489076 0.161074 0.487395 0.159396 0.485714 0.159396 0.484034 0.157718 0.484034 0.156040 0.478992 0.156040 0.478992 0.157718 0.480672 0.159396 0.478992 0.161074 0.477311 0.161074
0 0.398319 0.154362 0.400000 0.156040 0.403361 0.156040 0.403361 0.154362 0.401681 0.152685 0.400000 0.152685
0 0.497479 0.149329 0.497479 0.152685 0.499160 0.152685 0.499160 0.149329
0 0.053782 0.110738 0.052101 0.112416 0.052101 0.115772 0.057143 0.115772 0.058824 0.117450 0.057143 0.119128 0.057143 0.120805 0.058824 0.120805 0.060504 0.122483 0.063866 0.122483 0.063866 0.119128 0.060504 0.115772 0.062185 0.114094 0.062185 0.112416 0.063866 0.110738 0.067227 0.110738 0.067227 0.109060 0.058824 0.109060 0.057143 0.110738
0 0.089076 0.080537 0.082353 0.080537 0.082353 0.083893 0.080672 0.085570 0.078992 0.083893 0.078992 0.082215 0.075630 0.082215 0.075630 0.083893 0.073950 0.085570 0.072269 0.085570 0.072269 0.087248 0.075630 0.087248 0.077311 0.088926 0.085714 0.088926 0.085714 0.087248 0.089076 0.083893
0 0.077311 0.073826 0.077311 0.075503 0.080672 0.075503 0.080672 0.073826
0 0.005042 0.050336 0.003361 0.050336 0.001681 0.052013 0.001681 0.055369 0.003361 0.055369 0.005042 0.053691
0 0.053782 0.045302 0.053782 0.046980 0.055462 0.048658 0.060504 0.048658 0.060504 0.046980 0.058824 0.046980 0.057143 0.045302 0.057143 0.043624 0.055462 0.043624
0 0.006723 0.043624 0.006723 0.045302 0.010084 0.048658 0.011765 0.048658 0.011765 0.043624
0 0.087395 0.040268 0.087395 0.041946 0.090756 0.041946 0.090756 0.040268
0 0.060504 0.035235 0.060504 0.040268 0.062185 0.041946 0.062185 0.043624 0.063866 0.043624 0.065546 0.041946 0.065546 0.040268 0.067227 0.038591 0.070588 0.038591 0.070588 0.036913 0.068908 0.036913 0.067227 0.035235