0 0.828571 0.852349 0.826891 0.852349 0.825210 0.854027 0.821849 0.854027 0.821849 0.855705 0.826891 0.855705 0.828571 0.854027
0 0.830252 0.833893 0.828571 0.833893 0.828571 0.835570 0.826891 0.837248 0.825210 0.837248 0.825210 0.838926 0.826891 0.840604 0.826891 0.842282 0.830252 0.842282 0.830252 0.840604 0.828571 0.838926 0.830252 0.837248 0.831933 0.837248 0.831933 0.835570
0 0.089076 0.823826 0.089076 0.828859 0.094118 0.828859 0.094118 0.827181 0.092437 0.825503 0.092437 0.823826
0 0.806723 0.822148 0.805042 0.822148 0.803361 0.823826 0.801681 0.823826 0.800000 0.822148 0.800000 0.815436 0.796639 0.815436 0.794958 0.817114 0.794958 0.820470 0.796639 0.822148 0.796639 0.823826 0.794958 0.825503 0.793277 0.823826 0.791597 0.823826 0.789916 0.825503 0.788235 0.823826 0.784874 0.823826 0.784874 0.827181 0.786555 0.828859 0.789916 0.828859 0.789916 0.827181 0.791597 0.825503 0.793277 0.827181 0.793277 0.828859 0.794958 0.828859 0.796639 0.827181 0.798319 0.828859 0.803361 0.828859 0.803361 0.827181 0.806723 0.823826
0 0.110924 0.812081 0.110924 0.813758 0.112605 0.813758 0.114286 0.815436 0.115966 0.815436 0.115966 0.813758 0.114286 0.813758 0.112605 0.812081
0 0.099160 0.810403 0.099160 0.812081 0.100840 0.813758 0.104202 0.813758 0.104202 0.812081 0.102521 0.812081 0.100840 0.810403
0 0.095798 0.808725 0.092437 0.808725 0.090756 0.810403 0.090756 0.812081 0.092437 0.812081 0.094118 0.810403 0.095798 0.810403
0 0.786555 0.805369 0.786555 0.807047 0.788235 0.808725 0.791597 0.808725 0.791597 0.805369
0 0.806723 0.800336 0.806723 0.802013 0.810084 0.802013 0.810084 0.800336
0 0.100840 0.796980 0.100840 0.798658 0.104202 0.798658 0.104202 0.796980
0 0.092437 0.796980 0.092437 0.798658 0.090756 0.800336 0.090756 0.802013 0.095798 0.802013 0.095798 0.800336 0.094118 0.798658 0.094118 0.796980
0 0.171429 0.795302 0.171429 0.796980 0.174790 0.796980 0.174790 0.795302
0 0.164706 0.795302 0.164706 0.796980 0.168067 0.796980 0.168067 0.795302
0 0.183193 0.786913 0.183193 0.788591 0.184874 0.790268 0.184874 0.791946 0.186555 0.791946 0.188235 0.793624 0.194958 0.793624 0.194958 0.791946 0.193277 0.790268 0.194958 0.788591 0.194958 0.786913
0 0.163025 0.771812 0.161345 0.771812 0.159664 0.773490 0.157983 0.773490 0.157983 0.775168 0.163025 0.775168
0 0.354622 0.654362 0.354622 0.656040 0.359664 0.656040 0.359664 0.654362 0.357983 0.652685 0.356303 0.652685
0 0.783193 0.624161 0.783193 0.627517 0.781513 0.629195 0.781513 0.632550 0.786555 0.632550 0.788235 0.630872 0.789916 0.630872 0.789916 0.629195 0.788235 0.629195 0.786555 0.627517 0.786555 0.624161
0 0.821849 0.619128 0.813445 0.619128 0.811765 0.620805 0.811765 0.622483 0.810084 0.624161 0.808403 0.622483 0.805042 0.622483 0.805042 0.625839 0.806723 0.627517 0.808403 0.627517 0.810084 0.625839 0.811765 0.625839 0.811765 0.624161 0.813445 0.622483 0.818487 0.622483 0.818487 0.620805 0.820168 0.619128
0 0.764706 0.617450 0.764706 0.620805 0.766387 0.620805 0.768067 0.622483 0.766387 0.624161 0.763025 0.624161 0.763025 0.625839 0.764706 0.627517 0.764706 0.630872 0.766387 0.632550 0.768067 0.632550 0.769748 0.630872 0.771429 0.632550 0.773109 0.632550 0.774790 0.630872 0.778151 0.630872 0.778151 0.629195 0.776471 0.629195 0.774790 0.630872 0.771429 0.630872 0.769748 0.629195 0.768067 0.629195 0.766387 0.627517 0.766387 0.624161 0.768067 0.622483 0.769748 0.622483 0.769748 0.619128 0.768067 0.619128 0.766387 0.617450
0 0.823529 0.546980 0.823529 0.550336 0.825210 0.550336 0.826891 0.548658 0.828571 0.550336 0.830252 0.550336 0.830252 0.548658 0.828571 0.548658 0.826891 0.546980
0 0.816807 0.531879 0.816807 0.533557 0.821849 0.533557 0.821849 0.531879
0 0.805042 0.525168 0.805042 0.526846 0.806723 0.526846 0.808403 0.528523 0.808403 0.530201 0.810084 0.530201 0.811765 0.531879 0.813445 0.531879 0.813445 0.530201 0.811765 0.530201 0.808403 0.526846 0.808403 0.525168
0 0.462185 0.510067 0.462185 0.511745 0.460504 0.513423 0.460504 0.515101 0.462185 0.516779 0.463866 0.516779 0.465546 0.518456 0.465546 0.520134 0.467227 0.520134 0.468908 0.518456 0.470588 0.520134 0.470588 0.523490 0.473950 0.523490 0.475630 0.521812 0.475630 0.520134 0.472269 0.516779 0.472269 0.513423 0.467227 0.513423 0.465546 0.511745 0.465546 0.510067
0 0.789916 0.510067 0.789916 0.513423 0.791597 0.515101 0.796639 0.515101 0.801681 0.511745 0.803361 0.511745 0.805042 0.513423 0.808403 0.513423 0.810084 0.515101 0.808403 0.516779 0.803361 0.516779 0.803361 0.518456 0.805042 0.520134 0.806723 0.520134 0.808403 0.518456 0.811765 0.518456 0.813445 0.520134 0.813445 0.521812 0.816807 0.521812 0.816807 0.520134 0.813445 0.520134 0.811765 0.518456 0.813445 0.516779 0.815126 0.516779 0.815126 0.515101 0.813445 0.513423 0.813445 0.510067 0.811765 0.510067 0.810084 0.508389 0.803361 0.508389 0.801681 0.510067 0.800000 0.508389 0.800000 0.506711 0.798319 0.506711 0.798319 0.508389 0.800000 0.508389 0.801681 0.510067 0.796639 0.513423 0.794958 0.513423 0.793277 0.511745 0.793277 0.510067
0 0.462185 0.505034 0.460504 0.503356 0.458824 0.503356 0.457143 0.505034 0.455462 0.505034 0.455462 0.506711 0.462185 0.506711
0 0.489076 0.498322 0.487395 0.498322 0.485714 0.500000 0.485714 0.501678 0.487395 0.501678 0.489076 0.500000
0 0.473950 0.496644 0.467227 0.496644 0.465546 0.498322 0.463866 0.498322 0.463866 0.500000 0.465546 0.500000 0.467227 0.501678 0.467227 0.506711 0.468908 0.506711 0.468908 0.503356 0.470588 0.501678 0.470588 0.500000 0.472269 0.498322 0.473950 0.498322
0 0.188235 0.337248 0.188235 0.340604 0.189916 0.340604 0.189916 0.337248
0 0.176471 0.335570 0.176471 0.338926 0.178151 0.340604 0.181513 0.340604 0.183193 0.338926 0.181513 0.337248 0.179832 0.337248 0.178151 0.335570
0 0.200000 0.338926 0.203361 0.338926 0.205042 0.340604 0.216807 0.340604 0.220168 0.337248 0.221849 0.337248 0.221849 0.333893 0.223529 0.332215 0.228571 0.332215 0.230252 0.330537 0.230252 0.328859 0.228571 0.327181 0.226891 0.327181 0.225210 0.325503 0.225210 0.323826 0.208403 0.323826 0.210084 0.328859 0.215126 0.328859 0.216807 0.327181 0.218487 0.328859 0.216807 0.333893 0.215126 0.335570 0.210084 0.335570 0.208403 0.333893 0.208403 0.332215 0.203361 0.332215 0.203361 0.335570 0.201681 0.337248 0.200000 0.337248
0 0.208403 0.313758 0.205042 0.313758 0.203361 0.312081 0.203361 0.310403 0.201681 0.310403 0.200000 0.308725 0.198319 0.308725 0.194958 0.305369 0.193277 0.305369 0.189916 0.308725 0.183193 0.308725 0.181513 0.310403 0.178151 0.310403 0.176471 0.312081 0.176471 0.315436 0.174790 0.317114 0.174790 0.318792 0.176471 0.318792 0.178151 0.320470 0.183193 0.320470 0.184874 0.318792 0.186555 0.318792 0.186555 0.317114 0.188235 0.315436 0.191597 0.315436 0.193277 0.317114 0.198319 0.317114 0.198319 0.315436 0.200000 0.313758 0.201681 0.315436 0.201681 0.317114 0.206723 0.317114 0.208403 0.315436
0 0.719328 0.291946 0.721008 0.296980 0.724370 0.296980 0.726050 0.298658 0.726050 0.300336 0.763025 0.300336 0.764706 0.302013 0.768067 0.302013 0.766387 0.296980 0.764706 0.296980 0.759664 0.293624 0.756303 0.293624 0.754622 0.295302 0.751261 0.295302 0.749580 0.293624 0.741176 0.293624 0.739496 0.291946 0.731092 0.291946 0.729412 0.290268 0.729412 0.286913 0.727731 0.286913 0.727731 0.288591 0.724370 0.291946
0 0.867227 0.209732 0.867227 0.214765 0.872269 0.214765 0.878992 0.221477 0.878992 0.224832 0.884034 0.224832 0.884034 0.223154 0.885714 0.221477 0.887395 0.223154 0.887395 0.226510 0.889076 0.228188 0.889076 0.229866 0.897479 0.229866 0.899160 0.228188 0.902521 0.228188 0.902521 0.226510 0.900840 0.224832 0.902521 0.223154 0.902521 0.221477 0.899160 0.221477 0.894118 0.216443 0.887395 0.216443 0.885714 0.214765 0.885714 0.211409 0.882353 0.211409 0.880672 0.209732 0.875630 0.209732 0.873950 0.208054 0.870588 0.208054 0.868908 0.209732