0 0.768908 0.959732 0.005042 0.003356
0 0.535294 0.713926 0.005042 0.005034
0 0.678151 0.679530 0.005042 0.003356
0 0.615966 0.549497 0.008403 0.005034
0 0.647899 0.540268 0.005042 0.006711
0 0.655462 0.528523 0.036975 0.050336
0 0.414286 0.503356 0.005042 0.003356
0 0.443697 0.501678 0.010084 0.006711
0 0.628571 0.489094 0.006723 0.008389
0 0.510924 0.505034 0.057143 0.057047
0 0.440336 0.475671 0.003361 0.005034
0 0.492437 0.473154 0.006723 0.006711
0 0.424370 0.478188 0.025210 0.016779
0 0.477311 0.472315 0.020168 0.011745
0 0.585714 0.465604 0.005042 0.005034
0 0.604202 0.458054 0.005042 0.003356
0 0.621008 0.462248 0.028571 0.041946
0 0.603361 0.453859 0.026891 0.025168
0 0.357143 0.425336 0.008403 0.005034
0 0.373950 0.404362 0.011765 0.016779
0 0.380672 0.389262 0.031933 0.016779
0 0.424370 0.368289 0.008403 0.008389
0 0.288235 0.316275 0.015126 0.008389
0 0.300000 0.307886 0.021849 0.021812
0 0.268908 0.291107 0.023529 0.018456
0 0.113445 0.048658 0.005042 0.006711
0 0.078992 0.038591 0.006723 0.006711
0 0.088235 0.015940 0.011765 0.011745
0 0.110084 0.010067 0.031933 0.016779