0 0.104202 0.808725 0.104202 0.810403 0.102521 0.812081 0.102521 0.813758 0.104202 0.815436 0.109244 0.815436 0.109244 0.813758 0.105882 0.810403 0.105882 0.808725
0 0.094118 0.798658 0.094118 0.800336 0.097479 0.800336 0.097479 0.798658
0 0.178151 0.786913 0.178151 0.788591 0.181513 0.788591 0.181513 0.786913
0 0.157983 0.773490 0.157983 0.775168 0.161345 0.775168 0.161345 0.773490
0 0.784874 0.624161 0.784874 0.629195 0.786555 0.630872 0.788235 0.630872 0.789916 0.629195 0.791597 0.629195 0.791597 0.627517 0.789916 0.627517 0.788235 0.625839 0.788235 0.624161
0 0.808403 0.622483 0.808403 0.624161 0.815126 0.624161 0.815126 0.622483
0 0.764706 0.617450 0.764706 0.619128 0.766387 0.619128 0.768067 0.620805 0.766387 0.622483 0.764706 0.622483 0.764706 0.624161 0.766387 0.625839 0.766387 0.627517 0.768067 0.629195 0.768067 0.630872 0.769748 0.630872 0.769748 0.629195 0.768067 0.627517 0.768067 0.624161 0.769748 0.622483 0.769748 0.620805 0.768067 0.619128 0.768067 0.617450
0 0.813445 0.615772 0.813445 0.617450 0.815126 0.617450 0.816807 0.619128 0.820168 0.619128 0.820168 0.617450 0.818487 0.615772
0 0.803361 0.615772 0.803361 0.617450 0.806723 0.617450 0.806723 0.615772
0 0.823529 0.548658 0.823529 0.550336 0.825210 0.550336 0.826891 0.552013 0.828571 0.552013 0.828571 0.548658
0 0.798319 0.536913 0.796639 0.536913 0.794958 0.538591 0.794958 0.541946 0.798319 0.541946
0 0.816807 0.530201 0.811765 0.530201 0.810084 0.531879 0.810084 0.533557 0.811765 0.535235 0.810084 0.536913 0.808403 0.536913 0.808403 0.538591 0.810084 0.538591 0.811765 0.536913 0.816807 0.536913 0.816807 0.535235 0.815126 0.533557 0.813445 0.533557 0.811765 0.531879 0.813445 0.530201
0 0.808403 0.525168 0.806723 0.525168 0.805042 0.526846 0.803361 0.526846 0.803361 0.528523 0.806723 0.528523 0.808403 0.526846
0 0.800000 0.510067 0.800000 0.513423 0.803361 0.516779 0.803361 0.518456 0.805042 0.518456 0.805042 0.516779 0.803361 0.515101 0.805042 0.513423 0.806723 0.513423 0.806723 0.511745 0.805042 0.511745 0.803361 0.510067
0 0.789916 0.510067 0.789916 0.516779 0.791597 0.516779 0.793277 0.515101 0.793277 0.513423 0.791597 0.511745 0.791597 0.510067
0 0.470588 0.496644 0.468908 0.498322 0.468908 0.501678 0.467227 0.503356 0.462185 0.503356 0.462185 0.505034 0.460504 0.506711 0.458824 0.506711 0.458824 0.508389 0.460504 0.508389 0.462185 0.506711 0.463866 0.506711 0.468908 0.511745 0.468908 0.513423 0.470588 0.515101 0.470588 0.520134 0.472269 0.520134 0.473950 0.521812 0.473950 0.523490 0.475630 0.523490 0.475630 0.521812 0.473950 0.520134 0.473950 0.516779 0.472269 0.515101 0.472269 0.510067 0.470588 0.510067 0.468908 0.508389 0.468908 0.506711 0.470588 0.505034 0.468908 0.505034 0.467227 0.503356 0.468908 0.501678 0.470588 0.501678 0.472269 0.500000 0.472269 0.496644
0 0.188235 0.337248 0.188235 0.338926 0.191597 0.338926 0.191597 0.337248
0 0.181513 0.335570 0.178151 0.335570 0.178151 0.340604 0.179832 0.340604 0.181513 0.338926
0 0.169748 0.333893 0.169748 0.335570 0.173109 0.335570 0.173109 0.333893
0 0.174790 0.323826 0.174790 0.325503 0.178151 0.325503 0.178151 0.323826
0 0.208403 0.315436 0.208403 0.318792 0.210084 0.320470 0.206723 0.323826 0.205042 0.322148 0.203361 0.322148 0.198319 0.325503 0.193277 0.325503 0.193277 0.328859 0.200000 0.328859 0.201681 0.330537 0.201681 0.332215 0.203361 0.332215 0.205042 0.333893 0.205042 0.335570 0.206723 0.335570 0.208403 0.337248 0.211765 0.337248 0.218487 0.330537 0.220168 0.330537 0.223529 0.327181 0.223529 0.325503 0.215126 0.325503 0.211765 0.322148 0.213445 0.320470 0.213445 0.317114 0.211765 0.317114 0.210084 0.315436
0 0.201681 0.315436 0.201681 0.317114 0.205042 0.317114 0.205042 0.315436
0 0.184874 0.315436 0.184874 0.317114 0.186555 0.318792 0.191597 0.318792 0.193277 0.317114 0.194958 0.317114 0.196639 0.318792 0.198319 0.318792 0.198319 0.317114 0.194958 0.313758 0.191597 0.313758 0.189916 0.312081 0.188235 0.312081 0.188235 0.313758 0.186555 0.315436