0 0.510924 0.835570 0.505882 0.835570 0.505882 0.837248 0.504202 0.838926 0.502521 0.837248 0.497479 0.837248 0.497479 0.838926 0.495798 0.840604 0.494118 0.840604 0.492437 0.838926 0.492437 0.837248 0.490756 0.837248 0.490756 0.838926 0.489076 0.840604 0.489076 0.842282 0.490756 0.842282 0.492437 0.843960 0.495798 0.843960 0.497479 0.842282 0.499160 0.842282 0.500840 0.840604 0.507563 0.840604 0.510924 0.837248
0 0.495798 0.822148 0.494118 0.822148 0.492437 0.823826 0.492437 0.827181 0.494118 0.827181 0.494118 0.825503 0.495798 0.823826
0 0.542857 0.808725 0.549580 0.808725 0.552941 0.805369 0.554622 0.805369 0.552941 0.803691 0.546218 0.803691 0.542857 0.807047
0 0.534454 0.803691 0.532773 0.805369 0.532773 0.810403 0.537815 0.810403 0.537815 0.803691
0 0.564706 0.800336 0.564706 0.805369 0.566387 0.805369 0.568067 0.807047 0.568067 0.808725 0.569748 0.810403 0.569748 0.812081 0.568067 0.813758 0.566387 0.813758 0.566387 0.815436 0.568067 0.817114 0.568067 0.818792 0.569748 0.818792 0.571429 0.817114 0.573109 0.817114 0.574790 0.815436 0.576471 0.815436 0.576471 0.812081 0.578151 0.810403 0.578151 0.808725 0.576471 0.808725 0.573109 0.805369 0.571429 0.805369 0.569748 0.803691 0.569748 0.800336
0 0.554622 0.785235 0.554622 0.786913 0.556303 0.788591 0.556303 0.790268 0.561345 0.790268 0.561345 0.788591 0.563025 0.786913 0.563025 0.785235
0 0.559664 0.778523 0.559664 0.780201 0.563025 0.780201 0.563025 0.778523
0 0.547899 0.776846 0.546218 0.776846 0.544538 0.778523 0.542857 0.778523 0.542857 0.780201 0.544538 0.781879 0.544538 0.783557 0.542857 0.785235 0.542857 0.788591 0.541176 0.790268 0.537815 0.790268 0.537815 0.791946 0.539496 0.793624 0.552941 0.793624 0.552941 0.790268 0.546218 0.790268 0.544538 0.788591 0.546218 0.786913 0.546218 0.783557 0.547899 0.781879
0 0.576471 0.775168 0.573109 0.775168 0.571429 0.776846 0.569748 0.776846 0.569748 0.778523 0.574790 0.778523 0.576471 0.776846
0 0.426891 0.533557 0.426891 0.536913 0.428571 0.536913 0.428571 0.533557
0 0.480672 0.528523 0.480672 0.531879 0.482353 0.533557 0.484034 0.533557 0.485714 0.535235 0.489076 0.535235 0.489076 0.531879 0.490756 0.530201 0.492437 0.530201 0.492437 0.528523 0.490756 0.526846 0.484034 0.526846 0.482353 0.528523
0 0.440336 0.528523 0.440336 0.530201 0.445378 0.530201 0.445378 0.526846 0.442017 0.526846
0 0.494118 0.523490 0.494118 0.525168 0.497479 0.528523 0.497479 0.530201 0.499160 0.531879 0.505882 0.531879 0.505882 0.530201 0.507563 0.528523 0.507563 0.526846 0.499160 0.526846 0.495798 0.523490
0 0.458824 0.525168 0.458824 0.526846 0.463866 0.526846 0.463866 0.523490 0.460504 0.523490
0 0.410084 0.523490 0.410084 0.525168 0.411765 0.525168 0.413445 0.526846 0.413445 0.530201 0.411765 0.531879 0.411765 0.533557 0.413445 0.533557 0.415126 0.535235 0.416807 0.535235 0.418487 0.536913 0.418487 0.538591 0.420168 0.538591 0.423529 0.535235 0.423529 0.533557 0.421849 0.531879 0.420168 0.531879 0.418487 0.530201 0.418487 0.526846 0.420168 0.525168 0.420168 0.523490
0 0.413445 0.516779 0.413445 0.518456 0.415126 0.518456 0.416807 0.516779 0.418487 0.516779 0.420168 0.518456 0.423529 0.518456 0.423529 0.516779 0.420168 0.516779 0.418487 0.515101 0.416807 0.515101 0.415126 0.516779
0 0.537815 0.508389 0.541176 0.508389 0.542857 0.506711 0.537815 0.506711
0 0.527731 0.501678 0.527731 0.503356 0.529412 0.503356 0.531092 0.505034 0.531092 0.506711 0.532773 0.506711 0.534454 0.505034 0.534454 0.503356 0.532773 0.503356 0.531092 0.501678
0 0.363025 0.500000 0.361345 0.498322 0.359664 0.498322 0.357983 0.500000 0.354622 0.500000 0.351261 0.503356 0.347899 0.503356 0.347899 0.505034 0.349580 0.506711 0.352941 0.506711 0.354622 0.505034 0.359664 0.505034 0.361345 0.503356 0.363025 0.503356
0 0.561345 0.496644 0.557983 0.496644 0.556303 0.498322 0.556303 0.500000 0.559664 0.500000 0.561345 0.498322
0 0.539496 0.496644 0.539496 0.498322 0.541176 0.498322 0.542857 0.500000 0.541176 0.501678 0.539496 0.501678 0.539496 0.503356 0.542857 0.503356 0.541176 0.501678 0.542857 0.500000 0.544538 0.500000 0.544538 0.498322 0.542857 0.496644
0 0.484034 0.496644 0.484034 0.498322 0.487395 0.498322 0.487395 0.496644
0 0.341176 0.494966 0.337815 0.494966 0.337815 0.498322 0.339496 0.498322 0.341176 0.496644
0 0.453782 0.491611 0.453782 0.493289 0.457143 0.493289 0.462185 0.498322 0.465546 0.498322 0.465546 0.494966 0.467227 0.493289 0.468908 0.493289 0.468908 0.489933 0.463866 0.489933 0.462185 0.488255 0.460504 0.488255 0.460504 0.489933 0.458824 0.491611
0 0.336134 0.484899 0.336134 0.489933 0.337815 0.491611 0.339496 0.491611 0.339496 0.489933 0.337815 0.488255 0.339496 0.486577 0.342857 0.486577 0.344538 0.488255 0.344538 0.489933 0.346218 0.491611 0.349580 0.491611 0.349580 0.488255 0.344538 0.488255 0.342857 0.486577 0.342857 0.484899
0 0.584874 0.474832 0.583193 0.474832 0.581513 0.473154 0.578151 0.473154 0.576471 0.474832 0.574790 0.474832 0.574790 0.476510 0.576471 0.476510 0.578151 0.478188 0.579832 0.478188 0.581513 0.479866 0.579832 0.481544 0.579832 0.483221 0.578151 0.484899 0.576471 0.484899 0.576471 0.488255 0.574790 0.489933 0.573109 0.489933 0.573109 0.491611 0.578151 0.491611 0.581513 0.488255 0.583193 0.488255 0.583193 0.486577 0.584874 0.484899 0.586555 0.484899 0.586555 0.483221 0.583193 0.479866 0.584874 0.478188 0.586555 0.478188 0.586555 0.476510
0 0.475630 0.471477 0.475630 0.473154 0.478992 0.473154 0.478992 0.471477
0 0.342857 0.476510 0.344538 0.476510 0.346218 0.474832 0.349580 0.474832 0.351261 0.473154 0.352941 0.473154 0.354622 0.474832 0.356303 0.474832 0.356303 0.471477 0.349580 0.471477 0.347899 0.469799 0.346218 0.469799 0.346218 0.471477 0.342857 0.474832
0 0.334454 0.464765 0.334454 0.466443 0.337815 0.466443 0.337815 0.464765
0 0.477311 0.459732 0.477311 0.463087 0.475630 0.464765 0.475630 0.466443 0.478992 0.466443 0.482353 0.469799 0.487395 0.469799 0.487395 0.466443 0.485714 0.464765 0.485714 0.463087 0.484034 0.461409 0.484034 0.459732
0 0.389916 0.458054 0.386555 0.458054 0.384874 0.459732 0.384874 0.461409 0.383193 0.463087 0.383193 0.468121 0.388235 0.468121 0.388235 0.466443 0.389916 0.464765
0 0.368067 0.453020 0.366387 0.453020 0.363025 0.456376 0.359664 0.456376 0.359664 0.458054 0.357983 0.459732 0.356303 0.459732 0.356303 0.461409 0.357983 0.461409 0.357983 0.459732 0.359664 0.458054 0.363025 0.458054 0.364706 0.459732 0.366387 0.459732 0.366387 0.458054 0.368067 0.456376
0 0.352941 0.458054 0.349580 0.458054 0.347899 0.456376 0.346218 0.456376 0.344538 0.454698 0.344538 0.453020 0.337815 0.453020 0.331092 0.458054 0.329412 0.458054 0.326050 0.463087 0.321008 0.463087 0.322689 0.463087 0.324370 0.464765 0.322689 0.466443 0.322689 0.469799 0.326050 0.473154 0.329412 0.473154 0.332773 0.476510 0.332773 0.478188 0.339496 0.478188 0.339496 0.474832 0.337815 0.473154 0.337815 0.471477 0.336134 0.471477 0.336134 0.473154 0.334454 0.474832 0.329412 0.469799 0.327731 0.469799 0.326050 0.468121 0.326050 0.463087 0.327731 0.461409 0.331092 0.461409 0.332773 0.459732 0.337815 0.458054 0.337815 0.456376 0.339496 0.454698 0.341176 0.456376 0.342857 0.456376 0.344538 0.454698 0.346218 0.456376 0.346218 0.459732 0.347899 0.461409 0.351261 0.461409 0.352941 0.459732
0 0.361345 0.444631 0.361345 0.446309 0.363025 0.447987 0.363025 0.449664 0.366387 0.449664 0.366387 0.447987 0.363025 0.444631
0 0.376471 0.442953 0.373109 0.442953 0.373109 0.446309 0.374790 0.446309 0.376471 0.444631
0 0.369748 0.439597 0.368067 0.439597 0.366387 0.441275 0.366387 0.442953 0.369748 0.442953
0 0.500840 0.404362 0.500840 0.407718 0.507563 0.407718 0.507563 0.404362
0 0.248739 0.380872 0.247059 0.380872 0.247059 0.382550 0.245378 0.384228 0.243697 0.384228 0.243697 0.387584 0.245378 0.387584 0.245378 0.385906 0.247059 0.384228 0.248739 0.384228
0 0.236975 0.375839 0.233613 0.375839 0.231933 0.377517 0.230252 0.377517 0.230252 0.380872 0.231933 0.380872 0.235294 0.377517 0.236975 0.377517
0 0.186555 0.374161 0.184874 0.374161 0.183193 0.375839 0.181513 0.375839 0.181513 0.377517 0.186555 0.377517
0 0.225210 0.370805 0.225210 0.372483 0.228571 0.372483 0.228571 0.370805
0 0.210084 0.369128 0.206723 0.369128 0.206723 0.372483 0.208403 0.372483 0.210084 0.370805
0 0.238655 0.367450 0.238655 0.369128 0.243697 0.369128 0.243697 0.367450
0 0.198319 0.364094 0.196639 0.364094 0.196639 0.365772 0.194958 0.367450 0.193277 0.365772 0.193277 0.364094 0.191597 0.364094 0.191597 0.367450 0.193277 0.369128 0.193277 0.370805 0.194958 0.372483 0.194958 0.374161 0.193277 0.375839 0.191597 0.375839 0.193277 0.375839 0.194958 0.377517 0.193277 0.379195 0.191597 0.379195 0.189916 0.380872 0.188235 0.380872 0.188235 0.382550 0.189916 0.382550 0.191597 0.380872 0.193277 0.380872 0.194958 0.379195 0.196639 0.379195 0.196639 0.377517 0.194958 0.377517 0.193277 0.375839 0.194958 0.374161 0.196639 0.374161 0.196639 0.372483 0.194958 0.370805 0.194958 0.367450 0.196639 0.365772 0.198319 0.365772
0 0.194958 0.355705 0.191597 0.355705 0.191597 0.357383 0.189916 0.359060 0.188235 0.359060 0.188235 0.360738 0.191597 0.360738 0.194958 0.357383
0 0.198319 0.325503 0.198319 0.327181 0.201681 0.327181 0.201681 0.325503
0 0.198319 0.320470 0.196639 0.318792 0.196639 0.317114 0.194958 0.317114 0.194958 0.318792 0.193277 0.320470 0.191597 0.320470 0.191597 0.322148 0.189916 0.323826 0.186555 0.323826 0.189916 0.323826 0.191597 0.322148 0.193277 0.323826 0.194958 0.323826 0.196639 0.322148 0.198319 0.322148
0 0.188235 0.313758 0.186555 0.313758 0.184874 0.315436 0.183193 0.315436 0.183193 0.318792 0.184874 0.320470 0.186555 0.320470 0.184874 0.318792 0.186555 0.317114 0.188235 0.317114
0 0.226891 0.312081 0.225210 0.312081 0.225210 0.313758 0.223529 0.315436 0.221849 0.315436 0.220168 0.317114 0.220168 0.320470 0.223529 0.323826 0.226891 0.323826 0.226891 0.318792 0.223529 0.315436 0.225210 0.313758 0.226891 0.313758
0 0.215126 0.312081 0.213445 0.312081 0.211765 0.313758 0.211765 0.315436 0.215126 0.315436
0 0.189916 0.308725 0.193277 0.308725 0.194958 0.307047 0.198319 0.307047 0.198319 0.305369 0.191597 0.305369 0.189916 0.307047
0 0.527731 0.251678 0.526050 0.251678 0.524370 0.253356 0.524370 0.258389 0.522689 0.260067 0.522689 0.261745 0.526050 0.261745 0.526050 0.256711 0.527731 0.255034
0 0.084034 0.139262 0.084034 0.140940 0.087395 0.140940 0.087395 0.139262
0 0.115966 0.112416 0.114286 0.112416 0.112605 0.114094 0.112605 0.115772 0.115966 0.115772
0 0.087395 0.104027 0.084034 0.104027 0.084034 0.107383 0.085714 0.107383 0.087395 0.105705
0 0.156303 0.078859 0.152941 0.078859 0.152941 0.082215 0.154622 0.082215 0.156303 0.080537
0 0.124370 0.045302 0.124370 0.046980 0.126050 0.048658 0.129412 0.048658 0.129412 0.046980 0.127731 0.045302
0 0.097479 0.020134 0.097479 0.021812 0.099160 0.023490 0.100840 0.023490 0.100840 0.021812 0.099160 0.020134
0 0.063866 0.010067 0.062185 0.010067 0.060504 0.011745 0.060504 0.013423 0.058824 0.015101 0.057143 0.015101 0.057143 0.018456 0.058824 0.018456 0.060504 0.016779 0.062185 0.018456 0.065546 0.018456 0.065546 0.016779 0.063866 0.015101
0 0.092437 0.001678 0.087395 0.001678 0.087395 0.005034 0.085714 0.006711 0.084034 0.006711 0.084034 0.008389 0.085714 0.008389 0.087395 0.010067 0.087395 0.011745 0.085714 0.013423 0.084034 0.013423 0.084034 0.015101 0.087395 0.015101 0.087395 0.013423 0.089076 0.011745 0.092437 0.011745 0.092437 0.008389 0.089076 0.008389 0.087395 0.010067 0.085714 0.008389 0.085714 0.006711 0.087395 0.005034 0.089076 0.005034 0.090756 0.003356 0.092437 0.003356