0 0.823529 0.852349 0.823529 0.854027 0.825210 0.855705 0.828571 0.855705 0.828571 0.854027 0.826891 0.852349
0 0.830252 0.848993 0.830252 0.850671 0.831933 0.852349 0.833613 0.852349 0.833613 0.848993
0 0.816807 0.847315 0.816807 0.848993 0.820168 0.848993 0.820168 0.847315
0 0.798319 0.827181 0.798319 0.828859 0.803361 0.828859 0.803361 0.827181
0 0.089076 0.823826 0.089076 0.825503 0.090756 0.825503 0.094118 0.828859 0.099160 0.828859 0.099160 0.827181 0.097479 0.825503 0.094118 0.825503 0.092437 0.823826
0 0.803361 0.822148 0.803361 0.823826 0.806723 0.823826 0.806723 0.822148
0 0.783193 0.812081 0.783193 0.813758 0.788235 0.813758 0.788235 0.812081
0 0.110924 0.812081 0.107563 0.812081 0.105882 0.813758 0.100840 0.813758 0.100840 0.815436 0.110924 0.815436
0 0.095798 0.808725 0.095798 0.810403 0.099160 0.810403 0.099160 0.808725
0 0.092437 0.796980 0.092437 0.798658 0.097479 0.798658 0.097479 0.796980
0 0.179832 0.786913 0.179832 0.788591 0.183193 0.788591 0.183193 0.786913
0 0.783193 0.627517 0.783193 0.629195 0.784874 0.630872 0.789916 0.630872 0.789916 0.629195 0.786555 0.625839 0.784874 0.625839
0 0.766387 0.617450 0.766387 0.622483 0.764706 0.624161 0.763025 0.624161 0.763025 0.625839 0.764706 0.625839 0.766387 0.627517 0.764706 0.629195 0.764706 0.630872 0.766387 0.630872 0.768067 0.632550 0.778151 0.632550 0.778151 0.630872 0.776471 0.630872 0.774790 0.629195 0.769748 0.629195 0.768067 0.627517 0.768067 0.624161 0.769748 0.622483 0.771429 0.622483 0.771429 0.620805 0.769748 0.620805 0.768067 0.619128 0.768067 0.617450
0 0.821849 0.619128 0.820168 0.617450 0.818487 0.617450 0.816807 0.615772 0.813445 0.615772 0.813445 0.619128 0.810084 0.622483 0.808403 0.620805 0.806723 0.620805 0.805042 0.622483 0.803361 0.622483 0.801681 0.624161 0.801681 0.625839 0.808403 0.625839 0.811765 0.622483 0.818487 0.622483 0.820168 0.620805 0.821849 0.620805
0 0.784874 0.612416 0.784874 0.614094 0.788235 0.614094 0.788235 0.612416
0 0.820168 0.555369 0.825210 0.555369 0.825210 0.553691 0.826891 0.552013 0.830252 0.552013 0.831933 0.550336 0.835294 0.550336 0.835294 0.548658 0.831933 0.548658 0.830252 0.550336 0.828571 0.550336 0.826891 0.548658 0.823529 0.548658 0.823529 0.550336 0.825210 0.550336 0.826891 0.552013 0.825210 0.553691 0.820168 0.553691
0 0.796639 0.536913 0.796639 0.538591 0.800000 0.541946 0.806723 0.541946 0.806723 0.536913 0.805042 0.536913 0.803361 0.535235 0.800000 0.535235 0.798319 0.536913
0 0.808403 0.528523 0.808403 0.530201 0.810084 0.531879 0.810084 0.533557 0.811765 0.535235 0.815126 0.535235 0.815126 0.531879 0.813445 0.530201 0.813445 0.528523
0 0.801681 0.528523 0.801681 0.530201 0.805042 0.530201 0.805042 0.528523
0 0.473950 0.521812 0.473950 0.523490 0.477311 0.523490 0.477311 0.521812
0 0.793277 0.510067 0.791597 0.511745 0.791597 0.513423 0.793277 0.515101 0.793277 0.516779 0.796639 0.516779 0.796639 0.513423 0.794958 0.511745 0.794958 0.510067
0 0.462185 0.511745 0.462185 0.513423 0.463866 0.515101 0.463866 0.516779 0.465546 0.518456 0.468908 0.518456 0.470588 0.516779 0.472269 0.516779 0.472269 0.511745 0.470588 0.511745 0.468908 0.513423 0.467227 0.511745 0.467227 0.510067 0.465546 0.510067 0.463866 0.511745
0 0.803361 0.508389 0.801681 0.510067 0.801681 0.513423 0.800000 0.515101 0.800000 0.516779 0.801681 0.516779 0.805042 0.520134 0.808403 0.520134 0.808403 0.516779 0.810084 0.515101 0.810084 0.511745 0.808403 0.510067 0.808403 0.508389
0 0.485714 0.500000 0.485714 0.501678 0.489076 0.501678 0.489076 0.500000
0 0.477311 0.496644 0.468908 0.496644 0.468908 0.498322 0.467227 0.500000 0.465546 0.500000 0.465546 0.503356 0.463866 0.505034 0.458824 0.505034 0.458824 0.506711 0.460504 0.508389 0.462185 0.508389 0.463866 0.506711 0.470588 0.506711 0.470588 0.501678 0.473950 0.498322 0.475630 0.500000 0.477311 0.500000
0 0.176471 0.335570 0.176471 0.338926 0.181513 0.338926 0.181513 0.335570
0 0.169748 0.325503 0.169748 0.327181 0.173109 0.327181 0.173109 0.325503
0 0.201681 0.335570 0.208403 0.335570 0.210084 0.337248 0.210084 0.338926 0.215126 0.338926 0.218487 0.335570 0.220168 0.335570 0.223529 0.332215 0.223529 0.327181 0.221849 0.325503 0.216807 0.325503 0.215126 0.327181 0.213445 0.327181 0.211765 0.325503 0.211765 0.323826 0.203361 0.323826 0.203361 0.327181 0.205042 0.327181 0.206723 0.325503 0.208403 0.325503 0.210084 0.327181 0.210084 0.330537 0.208403 0.332215 0.206723 0.330537 0.203361 0.330537 0.203361 0.332215 0.201681 0.333893
0 0.201681 0.315436 0.201681 0.317114 0.206723 0.317114 0.206723 0.315436
0 0.198319 0.315436 0.196639 0.315436 0.194958 0.313758 0.191597 0.313758 0.189916 0.315436 0.184874 0.315436 0.184874 0.317114 0.183193 0.318792 0.179832 0.318792 0.179832 0.320470 0.181513 0.322148 0.186555 0.322148 0.188235 0.320470 0.188235 0.318792 0.189916 0.317114 0.198319 0.317114
0 0.722689 0.290268 0.722689 0.295302 0.724370 0.296980 0.731092 0.296980 0.732773 0.298658 0.736134 0.298658 0.737815 0.296980 0.739496 0.296980 0.739496 0.295302 0.737815 0.293624 0.731092 0.293624 0.729412 0.291946 0.726050 0.291946 0.724370 0.290268
0 0.729412 0.281879 0.727731 0.281879 0.726050 0.283557 0.726050 0.285235 0.727731 0.285235 0.729412 0.283557
0 0.867227 0.211409 0.867227 0.213087 0.872269 0.213087 0.872269 0.211409