0 0.552941 0.484899 0.544538 0.483221 0.541176 0.486577 0.536134 0.486577 0.536134 0.488255 0.532773 0.489933 0.532773 0.493289 0.531092 0.494966 0.529412 0.494966 0.524370 0.489933 0.524370 0.488255 0.517647 0.486577 0.514286 0.489933 0.515966 0.493289 0.514286 0.494966 0.507563 0.493289 0.504202 0.494966 0.502521 0.498322 0.495798 0.488255 0.494118 0.488255 0.487395 0.498322 0.494118 0.498322 0.495798 0.496644 0.497479 0.498322 0.497479 0.501678 0.502521 0.501678 0.509244 0.496644 0.515966 0.496644 0.517647 0.493289 0.519328 0.493289 0.522689 0.498322 0.526050 0.496644 0.534454 0.496644 0.537815 0.494966 0.537815 0.491611 0.539496 0.489933 0.546218 0.489933 0.552941 0.486577
0 0.551261 0.468121 0.549580 0.468121 0.547899 0.469799 0.544538 0.469799 0.542857 0.471477 0.542857 0.473154 0.544538 0.474832 0.544538 0.479866 0.549580 0.479866 0.551261 0.478188 0.552941 0.478188 0.552941 0.474832 0.551261 0.473154
0 0.361345 0.466443 0.357983 0.469799 0.357983 0.471477 0.356303 0.473154 0.352941 0.473154 0.352941 0.474832 0.354622 0.476510 0.352941 0.478188 0.352941 0.479866 0.356303 0.483221 0.356303 0.486577 0.354622 0.488255 0.354622 0.489933 0.359664 0.494966 0.364706 0.494966 0.364706 0.493289 0.363025 0.491611 0.363025 0.488255 0.364706 0.486577 0.366387 0.486577 0.366387 0.484899 0.368067 0.483221 0.368067 0.481544 0.363025 0.481544 0.359664 0.478188 0.359664 0.476510 0.357983 0.474832 0.357983 0.473154 0.359664 0.471477 0.361345 0.471477 0.364706 0.474832 0.368067 0.474832 0.368067 0.471477 0.366387 0.469799 0.364706 0.469799 0.363025 0.468121 0.363025 0.466443
0 0.258824 0.375839 0.258824 0.377517 0.262185 0.377517 0.262185 0.375839
0 0.223529 0.359060 0.223529 0.360738 0.226891 0.360738 0.226891 0.359060
0 0.285714 0.357383 0.280672 0.357383 0.277311 0.360738 0.275630 0.359060 0.270588 0.359060 0.270588 0.362416 0.272269 0.362416 0.273950 0.364094 0.272269 0.365772 0.272269 0.369128 0.273950 0.370805 0.277311 0.370805 0.277311 0.369128 0.278992 0.367450 0.284034 0.367450 0.284034 0.360738 0.285714 0.359060
0 0.225210 0.350671 0.223529 0.350671 0.221849 0.352349 0.221849 0.354027 0.223529 0.354027 0.225210 0.352349
0 0.334454 0.348993 0.332773 0.348993 0.329412 0.352349 0.327731 0.350671 0.319328 0.350671 0.319328 0.352349 0.324370 0.352349 0.326050 0.354027 0.331092 0.354027 0.332773 0.352349 0.334454 0.352349
0 0.295798 0.348993 0.295798 0.352349 0.294118 0.354027 0.294118 0.355705 0.297479 0.355705 0.299160 0.354027 0.300840 0.354027 0.300840 0.352349 0.302521 0.350671 0.302521 0.348993
0 0.305882 0.347315 0.305882 0.350671 0.307563 0.350671 0.309244 0.352349 0.314286 0.352349 0.315966 0.350671 0.315966 0.347315 0.312605 0.347315 0.310924 0.348993 0.309244 0.347315
0 0.341176 0.340604 0.341176 0.342282 0.346218 0.342282 0.346218 0.340604 0.344538 0.338926 0.342857 0.338926
0 0.208403 0.337248 0.203361 0.337248 0.201681 0.338926 0.198319 0.338926 0.198319 0.340604 0.196639 0.342282 0.196639 0.343960 0.198319 0.345638 0.201681 0.345638 0.201681 0.340604 0.203361 0.338926 0.208403 0.338926
0 0.226891 0.335570 0.226891 0.337248 0.228571 0.338926 0.228571 0.340604 0.231933 0.340604 0.231933 0.338926 0.230252 0.337248 0.230252 0.335570
0 0.299160 0.333893 0.297479 0.333893 0.295798 0.335570 0.294118 0.335570 0.294118 0.337248 0.297479 0.337248 0.299160 0.335570
0 0.339496 0.323826 0.339496 0.325503 0.341176 0.325503 0.342857 0.327181 0.341176 0.328859 0.339496 0.328859 0.339496 0.330537 0.341176 0.330537 0.342857 0.332215 0.342857 0.333893 0.346218 0.333893 0.346218 0.332215 0.342857 0.332215 0.341176 0.330537 0.341176 0.328859 0.342857 0.327181 0.344538 0.327181 0.344538 0.325503 0.342857 0.325503 0.341176 0.323826
0 0.305882 0.323826 0.304202 0.323826 0.302521 0.325503 0.302521 0.327181 0.304202 0.327181 0.305882 0.325503
0 0.347899 0.322148 0.347899 0.327181 0.352941 0.332215 0.352941 0.333893 0.351261 0.335570 0.349580 0.335570 0.349580 0.337248 0.351261 0.337248 0.351261 0.335570 0.352941 0.333893 0.357983 0.333893 0.359664 0.335570 0.363025 0.335570 0.363025 0.333893 0.361345 0.333893 0.359664 0.332215 0.356303 0.332215 0.354622 0.330537 0.354622 0.328859 0.356303 0.327181 0.356303 0.325503 0.351261 0.325503 0.349580 0.323826 0.349580 0.322148
0 0.248739 0.310403 0.248739 0.315436 0.257143 0.315436 0.257143 0.313758 0.258824 0.312081 0.260504 0.313758 0.260504 0.315436 0.265546 0.315436 0.265546 0.313758 0.263866 0.312081 0.263866 0.310403 0.258824 0.310403 0.257143 0.312081 0.253782 0.312081 0.252101 0.310403
0 0.300840 0.303691 0.304202 0.303691 0.305882 0.305369 0.305882 0.308725 0.309244 0.308725 0.309244 0.305369 0.307563 0.303691 0.307563 0.302013 0.304202 0.302013 0.302521 0.303691
0 0.228571 0.291946 0.228571 0.293624 0.236975 0.293624 0.236975 0.291946
0 0.406723 0.256711 0.405042 0.256711 0.403361 0.258389 0.401681 0.258389 0.401681 0.260067 0.400000 0.261745 0.398319 0.261745 0.396639 0.260067 0.396639 0.258389 0.394958 0.258389 0.394958 0.261745 0.396639 0.263423 0.398319 0.263423 0.400000 0.261745 0.403361 0.261745 0.405042 0.260067 0.406723 0.260067
0 0.393277 0.244966 0.389916 0.248322 0.389916 0.253356 0.391597 0.255034 0.396639 0.255034 0.396639 0.253356 0.394958 0.253356 0.393277 0.251678 0.394958 0.250000 0.396639 0.250000 0.398319 0.248322 0.398319 0.246644 0.396639 0.244966
0 0.475630 0.229866 0.475630 0.231544 0.478992 0.231544 0.478992 0.229866
0 0.487395 0.224832 0.487395 0.226510 0.494118 0.226510 0.495798 0.228188 0.500840 0.228188 0.502521 0.226510 0.502521 0.224832
0 0.393277 0.219799 0.393277 0.221477 0.394958 0.223154 0.394958 0.224832 0.398319 0.224832 0.400000 0.226510 0.401681 0.226510 0.403361 0.228188 0.411765 0.228188 0.413445 0.226510 0.413445 0.224832 0.411765 0.223154 0.400000 0.223154 0.398319 0.221477 0.398319 0.219799
0 0.495798 0.209732 0.494118 0.209732 0.492437 0.211409 0.492437 0.213087 0.495798 0.213087
0 0.463866 0.208054 0.463866 0.209732 0.465546 0.209732 0.467227 0.208054 0.468908 0.209732 0.468908 0.211409 0.472269 0.211409 0.472269 0.209732 0.468908 0.209732 0.467227 0.208054
0 0.487395 0.161074 0.487395 0.162752 0.492437 0.162752 0.492437 0.161074
0 0.398319 0.152685 0.398319 0.156040 0.401681 0.156040 0.401681 0.152685
0 0.043697 0.135906 0.043697 0.139262 0.050420 0.139262 0.050420 0.137584 0.048739 0.137584 0.047059 0.135906
0 0.050420 0.129195 0.050420 0.130872 0.053782 0.130872 0.053782 0.129195
0 0.068908 0.109060 0.067227 0.109060 0.065546 0.107383 0.063866 0.107383 0.063866 0.109060 0.062185 0.110738 0.058824 0.110738 0.058824 0.114094 0.060504 0.115772 0.062185 0.115772 0.063866 0.117450 0.062185 0.119128 0.058824 0.119128 0.058824 0.124161 0.057143 0.125839 0.057143 0.127517 0.062185 0.127517 0.062185 0.125839 0.060504 0.124161 0.063866 0.120805 0.065546 0.120805 0.067227 0.119128 0.067227 0.117450 0.065546 0.115772 0.065546 0.114094 0.063866 0.112416 0.065546 0.110738 0.068908 0.110738
0 0.078992 0.078859 0.078992 0.080537 0.084034 0.080537 0.085714 0.082215 0.085714 0.083893 0.087395 0.085570 0.085714 0.087248 0.085714 0.088926 0.090756 0.088926 0.092437 0.087248 0.095798 0.087248 0.095798 0.085570 0.092437 0.082215 0.094118 0.080537 0.099160 0.080537 0.099160 0.078859 0.095798 0.078859 0.094118 0.077181 0.094118 0.075503 0.082353 0.075503 0.082353 0.077181 0.080672 0.078859
0 0.008403 0.072148 0.008403 0.073826 0.011765 0.073826 0.011765 0.072148
0 0.000000 0.048658 0.000000 0.053691 0.003361 0.053691 0.005042 0.052013 0.005042 0.048658
0 0.117647 0.040268 0.117647 0.041946 0.119328 0.043624 0.121008 0.043624 0.121008 0.040268
0 0.084034 0.038591 0.084034 0.040268 0.085714 0.041946 0.085714 0.043624 0.092437 0.043624 0.094118 0.041946 0.094118 0.040268 0.092437 0.038591 0.090756 0.038591 0.089076 0.036913 0.085714 0.036913
0 0.048739 0.043624 0.052101 0.043624 0.053782 0.045302 0.057143 0.045302 0.058824 0.046980 0.060504 0.046980 0.058824 0.046980 0.057143 0.045302 0.058824 0.043624 0.062185 0.043624 0.062185 0.041946 0.060504 0.040268 0.062185 0.038591 0.063866 0.038591 0.065546 0.036913 0.068908 0.036913 0.070588 0.035235 0.072269 0.036913 0.072269 0.038591 0.077311 0.038591 0.078992 0.036913 0.078992 0.035235 0.075630 0.035235 0.073950 0.036913 0.072269 0.036913 0.070588 0.035235 0.070588 0.033557 0.062185 0.033557 0.060504 0.035235 0.058824 0.035235 0.058824 0.036913 0.057143 0.038591 0.057143 0.040268 0.055462 0.041946 0.048739 0.041946