0 0.766387 0.958054 0.766387 0.959732 0.769748 0.959732 0.769748 0.958054
0 0.505882 0.610738 0.502521 0.610738 0.500840 0.612416 0.500840 0.615772 0.499160 0.617450 0.499160 0.619128 0.502521 0.619128 0.502521 0.615772 0.504202 0.614094 0.505882 0.614094
0 0.485714 0.598993 0.485714 0.609060 0.487395 0.610738 0.487395 0.612416 0.489076 0.612416 0.490756 0.610738 0.494118 0.610738 0.494118 0.609060 0.492437 0.607383 0.494118 0.605705 0.495798 0.605705 0.497479 0.607383 0.497479 0.609060 0.499160 0.609060 0.499160 0.607383 0.497479 0.605705 0.497479 0.604027 0.495798 0.604027 0.494118 0.602349 0.492437 0.602349 0.490756 0.600671 0.489076 0.600671 0.487395 0.598993
0 0.759664 0.592282 0.757983 0.593960 0.757983 0.595638 0.759664 0.595638 0.761345 0.597315 0.763025 0.597315 0.763025 0.593960 0.761345 0.592282
0 0.500840 0.553691 0.500840 0.555369 0.504202 0.555369 0.504202 0.553691
0 0.554622 0.530201 0.546218 0.530201 0.542857 0.528523 0.542857 0.530201 0.539496 0.533557 0.537815 0.531879 0.532773 0.531879 0.532773 0.533557 0.537815 0.536913 0.537815 0.540268 0.534454 0.543624 0.527731 0.543624 0.527731 0.546980 0.531092 0.550336 0.531092 0.552013 0.527731 0.553691 0.526050 0.558725 0.531092 0.558725 0.534454 0.565436 0.539496 0.565436 0.541176 0.567114 0.539496 0.575503 0.541176 0.575503 0.542857 0.572148 0.542857 0.568792 0.546218 0.567114 0.546218 0.565436 0.551261 0.560403 0.551261 0.558725 0.552941 0.557047 0.554622 0.558725 0.557983 0.557047 0.557983 0.553691 0.559664 0.552013 0.559664 0.548658 0.561345 0.545302 0.559664 0.543624 0.559664 0.540268 0.556303 0.538591
0 0.509244 0.518456 0.509244 0.521812 0.510924 0.523490 0.510924 0.525168 0.514286 0.525168 0.515966 0.523490 0.517647 0.523490 0.515966 0.521812 0.515966 0.520134 0.514286 0.518456
0 0.421849 0.498322 0.418487 0.498322 0.416807 0.500000 0.415126 0.500000 0.415126 0.501678 0.411765 0.505034 0.410084 0.505034 0.410084 0.506711 0.411765 0.508389 0.418487 0.508389 0.418487 0.506711 0.420168 0.505034 0.420168 0.503356 0.418487 0.501678 0.420168 0.500000 0.421849 0.500000
0 0.463866 0.498322 0.463866 0.503356 0.467227 0.506711 0.467227 0.510067 0.470588 0.510067 0.470588 0.506711 0.475630 0.503356 0.478992 0.503356 0.480672 0.505034 0.480672 0.506711 0.478992 0.508389 0.473950 0.508389 0.473950 0.510067 0.475630 0.510067 0.477311 0.511745 0.477311 0.513423 0.480672 0.513423 0.482353 0.511745 0.484034 0.511745 0.484034 0.510067 0.485714 0.508389 0.494118 0.508389 0.499160 0.503356 0.500840 0.503356 0.500840 0.501678 0.499160 0.501678 0.497479 0.500000 0.490756 0.500000 0.489076 0.501678 0.487395 0.500000 0.489076 0.491611 0.487395 0.489933 0.484034 0.489933 0.482353 0.488255 0.482353 0.486577 0.478992 0.486577 0.477311 0.488255 0.475630 0.486577 0.473950 0.486577 0.472269 0.488255 0.470588 0.488255 0.468908 0.493289 0.467227 0.494966 0.465546 0.494966 0.465546 0.496644
0 0.573109 0.468121 0.573109 0.484899 0.581513 0.498322 0.579832 0.501678 0.583193 0.501678 0.589916 0.510067 0.594958 0.506711 0.601681 0.515101 0.600000 0.525168 0.610084 0.533557 0.621849 0.530201 0.631933 0.533557 0.628571 0.541946 0.623529 0.538591 0.623529 0.553691 0.620168 0.555369 0.621849 0.558725 0.631933 0.560403 0.635294 0.553691 0.633613 0.550336 0.636975 0.546980 0.635294 0.531879 0.630252 0.525168 0.635294 0.515101 0.621849 0.506711 0.621849 0.500000 0.626891 0.496644 0.628571 0.500000 0.625210 0.503356 0.633613 0.508389 0.630252 0.489933 0.625210 0.486577 0.625210 0.481544 0.615126 0.474832 0.610084 0.476510 0.608403 0.471477 0.603361 0.474832 0.594958 0.474832
0 0.468908 0.469799 0.465546 0.469799 0.463866 0.468121 0.462185 0.468121 0.460504 0.469799 0.457143 0.469799 0.455462 0.471477 0.453782 0.471477 0.452101 0.473154 0.452101 0.476510 0.447059 0.479866 0.438655 0.479866 0.436975 0.478188 0.430252 0.478188 0.428571 0.479866 0.426891 0.479866 0.423529 0.483221 0.423529 0.484899 0.426891 0.484899 0.428571 0.486577 0.428571 0.488255 0.426891 0.489933 0.426891 0.493289 0.428571 0.494966 0.430252 0.494966 0.431933 0.496644 0.431933 0.498322 0.435294 0.498322 0.435294 0.496644 0.440336 0.493289 0.447059 0.493289 0.448739 0.491611 0.450420 0.491611 0.450420 0.489933 0.453782 0.486577 0.455462 0.486577 0.457143 0.484899 0.457143 0.479866 0.458824 0.478188 0.458824 0.476510 0.462185 0.473154 0.467227 0.473154 0.468908 0.471477
0 0.563025 0.466443 0.563025 0.471477 0.561345 0.473154 0.561345 0.474832 0.566387 0.474832 0.568067 0.476510 0.569748 0.476510 0.569748 0.471477 0.568067 0.469799 0.566387 0.469799 0.564706 0.468121 0.564706 0.466443
0 0.428571 0.372483 0.418487 0.369128 0.413445 0.374161 0.410084 0.374161 0.405042 0.384228 0.396639 0.382550 0.393277 0.387584 0.393277 0.395973 0.376471 0.395973 0.378151 0.402685 0.383193 0.404362 0.378151 0.409396 0.366387 0.414430 0.364706 0.421141 0.357983 0.421141 0.361345 0.427852 0.354622 0.432886 0.356303 0.437919 0.352941 0.444631 0.357983 0.454698 0.361345 0.454698 0.363025 0.451342 0.368067 0.454698 0.379832 0.451342 0.381513 0.447987 0.389916 0.449664 0.393277 0.447987 0.393277 0.442953 0.398319 0.442953 0.400000 0.436242 0.405042 0.436242 0.406723 0.432886 0.410084 0.437919 0.410084 0.434564 0.406723 0.432886 0.411765 0.426174 0.408403 0.414430 0.420168 0.407718 0.418487 0.402685 0.425210 0.397651 0.425210 0.390940 0.430252 0.379195
0 0.263866 0.305369 0.263866 0.307047 0.265546 0.307047 0.268908 0.310403 0.273950 0.310403 0.275630 0.312081 0.277311 0.312081 0.280672 0.308725 0.282353 0.308725 0.284034 0.310403 0.284034 0.313758 0.289076 0.313758 0.294118 0.310403 0.295798 0.312081 0.297479 0.312081 0.299160 0.310403 0.299160 0.308725 0.297479 0.307047 0.297479 0.305369 0.295798 0.305369 0.292437 0.302013 0.290756 0.302013 0.289076 0.300336 0.287395 0.300336 0.282353 0.296980 0.277311 0.296980 0.277311 0.298658 0.275630 0.300336 0.275630 0.305369 0.273950 0.307047 0.272269 0.307047 0.267227 0.303691 0.265546 0.303691
0 0.416807 0.189597 0.415126 0.189597 0.413445 0.187919 0.413445 0.186242 0.410084 0.186242 0.405042 0.182886 0.400000 0.182886 0.398319 0.184564 0.396639 0.184564 0.396639 0.186242 0.394958 0.187919 0.394958 0.191275 0.393277 0.192953 0.391597 0.191275 0.391597 0.189597 0.386555 0.189597 0.386555 0.192953 0.389916 0.196309 0.389916 0.201342 0.401681 0.201342 0.401681 0.199664 0.400000 0.197987 0.401681 0.196309 0.405042 0.196309 0.406723 0.194631 0.408403 0.194631 0.408403 0.192953 0.413445 0.187919 0.415126 0.189597 0.415126 0.192953 0.416807 0.192953
0 0.680672 0.132550 0.677311 0.132550 0.677311 0.135906 0.678992 0.135906 0.680672 0.134228
0 0.171429 0.013423 0.164706 0.013423 0.163025 0.006711 0.156303 0.003356 0.149580 0.006711 0.141176 0.001678 0.129412 0.003356 0.122689 0.010067 0.121008 0.016779 0.115966 0.018456 0.114286 0.015101 0.107563 0.015101 0.105882 0.020134 0.104202 0.016779 0.094118 0.015101 0.094118 0.018456 0.089076 0.020134 0.090756 0.023490 0.084034 0.026846 0.080672 0.031879 0.082353 0.035235 0.078992 0.038591 0.073950 0.038591 0.075630 0.046980 0.085714 0.050336 0.090756 0.046980 0.110924 0.046980 0.112605 0.048658 0.121008 0.045302 0.137815 0.046980 0.141176 0.043624 0.146218 0.048658 0.154622 0.048658 0.156303 0.043624 0.163025 0.040268 0.169748 0.031879 0.168067 0.023490 0.164706 0.020134