0 0.494118 0.926174 0.494118 0.927852 0.497479 0.927852 0.497479 0.926174
0 0.462185 0.904362 0.462185 0.906040 0.460504 0.907718 0.460504 0.909396 0.467227 0.909396 0.468908 0.911074 0.468908 0.914430 0.472269 0.914430 0.473950 0.916107 0.477311 0.916107 0.477311 0.914430 0.475630 0.912752 0.473950 0.912752 0.470588 0.909396 0.468908 0.909396 0.467227 0.907718 0.467227 0.906040 0.465546 0.906040 0.463866 0.904362
0 0.447059 0.578859 0.447059 0.580537 0.448739 0.582215 0.448739 0.583893 0.453782 0.583893 0.455462 0.585570 0.455462 0.587248 0.457143 0.587248 0.458824 0.588926 0.458824 0.590604 0.462185 0.590604 0.462185 0.587248 0.463866 0.585570 0.465546 0.585570 0.465546 0.583893 0.462185 0.583893 0.458824 0.587248 0.457143 0.585570 0.455462 0.585570 0.453782 0.583893 0.453782 0.582215 0.452101 0.582215 0.450420 0.580537 0.450420 0.578859
0 0.438655 0.575503 0.438655 0.577181 0.442017 0.577181 0.442017 0.575503
0 0.606723 0.493289 0.606723 0.498322 0.615126 0.498322 0.615126 0.496644 0.613445 0.494966 0.611765 0.494966 0.610084 0.493289
0 0.408403 0.491611 0.408403 0.493289 0.411765 0.493289 0.411765 0.491611
0 0.603361 0.486577 0.603361 0.488255 0.606723 0.488255 0.606723 0.486577
0 0.458824 0.446309 0.458824 0.447987 0.462185 0.447987 0.462185 0.446309
0 0.541176 0.441275 0.541176 0.446309 0.542857 0.447987 0.544538 0.447987 0.546218 0.449664 0.547899 0.449664 0.547899 0.447987 0.549580 0.446309 0.547899 0.446309 0.546218 0.444631 0.546218 0.439597 0.544538 0.439597 0.542857 0.441275
0 0.440336 0.436242 0.440336 0.437919 0.447059 0.437919 0.448739 0.439597 0.450420 0.439597 0.452101 0.437919 0.452101 0.436242 0.450420 0.436242 0.448739 0.434564 0.443697 0.434564 0.442017 0.436242
0 0.510924 0.436242 0.515966 0.436242 0.515966 0.434564 0.517647 0.432886 0.521008 0.432886 0.521008 0.431208 0.512605 0.431208 0.512605 0.432886 0.510924 0.434564
0 0.504202 0.431208 0.504202 0.432886 0.507563 0.432886 0.507563 0.431208
0 0.494118 0.417785 0.494118 0.419463 0.495798 0.419463 0.497479 0.421141 0.499160 0.421141 0.499160 0.419463 0.497479 0.419463 0.495798 0.417785
0 0.475630 0.417785 0.475630 0.419463 0.473950 0.421141 0.473950 0.422819 0.475630 0.422819 0.477311 0.424497 0.477311 0.426174 0.482353 0.426174 0.482353 0.421141 0.480672 0.419463 0.480672 0.417785
0 0.517647 0.416107 0.515966 0.416107 0.515966 0.417785 0.514286 0.419463 0.512605 0.419463 0.512605 0.421141 0.510924 0.422819 0.509244 0.422819 0.509244 0.424497 0.514286 0.424497 0.514286 0.422819 0.515966 0.421141 0.515966 0.419463 0.517647 0.417785
0 0.502521 0.409396 0.502521 0.414430 0.504202 0.414430 0.504202 0.409396