0 0.539496 0.672819 0.539496 0.674497 0.541176 0.674497 0.542857 0.672819 0.544538 0.674497 0.546218 0.674497 0.546218 0.672819
0 0.447059 0.666107 0.447059 0.667785 0.448739 0.669463 0.455462 0.669463 0.455462 0.667785 0.453782 0.667785 0.452101 0.666107 0.452101 0.664430 0.450420 0.664430 0.448739 0.666107
0 0.363025 0.478188 0.363025 0.479866 0.364706 0.481544 0.366387 0.481544 0.366387 0.479866 0.368067 0.478188 0.369748 0.479866 0.369748 0.481544 0.371429 0.481544 0.373109 0.483221 0.373109 0.488255 0.376471 0.488255 0.378151 0.486577 0.381513 0.486577 0.381513 0.484899 0.383193 0.483221 0.383193 0.481544 0.381513 0.481544 0.379832 0.479866 0.378151 0.479866 0.374790 0.483221 0.373109 0.483221 0.371429 0.481544 0.371429 0.479866 0.373109 0.478188 0.374790 0.478188 0.374790 0.474832 0.373109 0.474832 0.371429 0.476510 0.369748 0.474832 0.368067 0.474832 0.364706 0.478188
0 0.517647 0.473154 0.517647 0.478188 0.519328 0.479866 0.521008 0.479866 0.521008 0.476510 0.519328 0.474832 0.519328 0.473154
0 0.238655 0.340604 0.238655 0.342282 0.240336 0.343960 0.242017 0.343960 0.242017 0.340604
0 0.252101 0.333893 0.252101 0.335570 0.253782 0.335570 0.255462 0.337248 0.257143 0.342282 0.255462 0.343960 0.252101 0.343960 0.250420 0.342282 0.248739 0.342282 0.248739 0.343960 0.250420 0.345638 0.248739 0.347315 0.245378 0.347315 0.247059 0.348993 0.250420 0.348993 0.250420 0.347315 0.252101 0.345638 0.255462 0.345638 0.255462 0.343960 0.257143 0.342282 0.258824 0.343960 0.258824 0.348993 0.268908 0.352349 0.270588 0.350671 0.270588 0.348993 0.268908 0.347315 0.268908 0.342282 0.267227 0.342282 0.263866 0.345638 0.262185 0.343960 0.263866 0.338926 0.265546 0.337248 0.267227 0.337248 0.267227 0.335570 0.263866 0.335570 0.262185 0.337248 0.258824 0.337248 0.257143 0.335570 0.257143 0.333893
0 0.321008 0.313758 0.321008 0.315436 0.324370 0.315436 0.326050 0.317114 0.326050 0.320470 0.329412 0.320470 0.331092 0.318792 0.332773 0.320470 0.334454 0.320470 0.334454 0.315436 0.332773 0.315436 0.331092 0.313758 0.327731 0.313758 0.326050 0.312081 0.324370 0.312081 0.322689 0.313758
0 0.388235 0.236577 0.388235 0.238255 0.391597 0.238255 0.391597 0.236577
0 0.391597 0.229866 0.388235 0.229866 0.386555 0.231544 0.384874 0.231544 0.384874 0.233221 0.386555 0.233221 0.388235 0.231544 0.391597 0.231544
0 0.416807 0.159396 0.416807 0.161074 0.420168 0.161074 0.420168 0.159396
0 0.480672 0.149329 0.480672 0.151007 0.482353 0.152685 0.482353 0.154362 0.484034 0.156040 0.485714 0.156040 0.487395 0.154362 0.487395 0.151007 0.484034 0.151007 0.482353 0.149329
0 0.075630 0.046980 0.070588 0.046980 0.070588 0.050336 0.068908 0.052013 0.067227 0.052013 0.067227 0.053691 0.068908 0.055369 0.068908 0.057047 0.070588 0.057047 0.072269 0.055369 0.072269 0.053691 0.073950 0.052013 0.075630 0.052013