0 0.875421 0.781879 0.875421 0.783557 0.880471 0.783557 0.880471 0.781879
0 0.425926 0.552013 0.425926 0.555369 0.427609 0.555369 0.427609 0.552013
0 0.377104 0.525168 0.377104 0.528523 0.378788 0.528523 0.378788 0.525168
0 0.382155 0.505034 0.382155 0.506711 0.383838 0.508389 0.383838 0.510067 0.385522 0.510067 0.385522 0.508389 0.383838 0.506711 0.383838 0.505034
0 0.373737 0.481544 0.375421 0.483221 0.380471 0.483221 0.380471 0.481544
0 0.530303 0.469799 0.530303 0.471477 0.528620 0.473154 0.528620 0.478188 0.530303 0.478188 0.531987 0.479866 0.531987 0.483221 0.530303 0.484899 0.530303 0.486577 0.531987 0.486577 0.533670 0.488255 0.538721 0.488255 0.540404 0.489933 0.547138 0.489933 0.550505 0.493289 0.555556 0.493289 0.558923 0.489933 0.560606 0.489933 0.562290 0.491611 0.562290 0.493289 0.563973 0.493289 0.565657 0.494966 0.569024 0.494966 0.569024 0.493289 0.567340 0.493289 0.565657 0.491611 0.562290 0.491611 0.560606 0.489933 0.560606 0.488255 0.557239 0.488255 0.555556 0.486577 0.555556 0.484899 0.550505 0.481544 0.550505 0.479866 0.540404 0.479866 0.538721 0.478188 0.538721 0.476510 0.537037 0.476510 0.535354 0.478188 0.531987 0.474832 0.531987 0.469799
0 0.353535 0.468121 0.353535 0.469799 0.356902 0.469799 0.356902 0.468121
0 0.382155 0.451342 0.382155 0.453020 0.380471 0.454698 0.380471 0.458054 0.387205 0.458054 0.388889 0.456376 0.388889 0.453020 0.387205 0.451342
0 0.461279 0.458054 0.466330 0.458054 0.468013 0.456376 0.478114 0.456376 0.479798 0.458054 0.486532 0.458054 0.486532 0.456376 0.488215 0.454698 0.488215 0.451342 0.478114 0.451342 0.476431 0.449664 0.474747 0.449664 0.473064 0.451342 0.471380 0.449664 0.466330 0.449664 0.464646 0.451342 0.464646 0.453020 0.462963 0.454698 0.461279 0.454698
0 0.437710 0.442953 0.436027 0.442953 0.436027 0.444631 0.434343 0.446309 0.432660 0.446309 0.432660 0.447987 0.437710 0.447987
0 0.395623 0.434564 0.393939 0.434564 0.390572 0.437919 0.385522 0.437919 0.385522 0.441275 0.387205 0.441275 0.388889 0.442953 0.387205 0.444631 0.387205 0.446309 0.388889 0.446309 0.388889 0.444631 0.390572 0.442953 0.392256 0.442953 0.393939 0.441275 0.395623 0.441275 0.395623 0.439597 0.397306 0.437919 0.397306 0.436242
0 0.249158 0.464765 0.277778 0.478188 0.284512 0.491611 0.286195 0.483221 0.299663 0.486577 0.284512 0.508389 0.297980 0.513423 0.296296 0.518456 0.372054 0.523490 0.368687 0.506711 0.387205 0.496644 0.390572 0.516779 0.397306 0.518456 0.392256 0.525168 0.410774 0.533557 0.419192 0.525168 0.410774 0.511745 0.425926 0.505034 0.439394 0.508389 0.429293 0.503356 0.430976 0.489933 0.419192 0.486577 0.407407 0.496644 0.407407 0.488255 0.388889 0.484899 0.397306 0.491611 0.392256 0.500000 0.388889 0.491611 0.380471 0.496644 0.378788 0.489933 0.361953 0.491611 0.328283 0.468121 0.326599 0.454698 0.351852 0.454698 0.346801 0.434564 0.319865 0.432886 0.291246 0.441275 0.277778 0.436242 0.284512 0.441275 0.279461 0.447987 0.254209 0.453020