0 0.489076 0.835570 0.489076 0.842282 0.494118 0.842282 0.494118 0.840604 0.495798 0.838926 0.497479 0.838926 0.499160 0.840604 0.500840 0.840604 0.502521 0.838926 0.510924 0.838926 0.510924 0.837248 0.509244 0.835570 0.502521 0.835570 0.500840 0.837248 0.495798 0.837248 0.494118 0.838926 0.492437 0.838926 0.490756 0.837248 0.490756 0.835570
0 0.537815 0.833893 0.537815 0.835570 0.541176 0.835570 0.541176 0.833893
0 0.490756 0.823826 0.490756 0.825503 0.492437 0.827181 0.497479 0.827181 0.497479 0.823826 0.495798 0.822148 0.494118 0.822148 0.492437 0.823826
0 0.571429 0.812081 0.569748 0.812081 0.568067 0.813758 0.564706 0.813758 0.564706 0.818792 0.563025 0.820470 0.561345 0.820470 0.559664 0.818792 0.557983 0.818792 0.557983 0.820470 0.559664 0.820470 0.561345 0.822148 0.563025 0.822148 0.564706 0.820470 0.568067 0.820470 0.568067 0.818792 0.571429 0.815436
0 0.546218 0.807047 0.544538 0.807047 0.542857 0.808725 0.541176 0.808725 0.541176 0.810403 0.546218 0.810403
0 0.534454 0.807047 0.534454 0.810403 0.532773 0.812081 0.532773 0.813758 0.537815 0.813758 0.537815 0.812081 0.536134 0.810403 0.537815 0.808725 0.537815 0.807047
0 0.552941 0.803691 0.552941 0.807047 0.554622 0.807047 0.554622 0.803691
0 0.559664 0.803691 0.561345 0.803691 0.563025 0.805369 0.569748 0.805369 0.569748 0.803691 0.568067 0.803691 0.566387 0.802013 0.561345 0.802013
0 0.537815 0.790268 0.537815 0.791946 0.541176 0.791946 0.542857 0.793624 0.547899 0.793624 0.549580 0.791946 0.551261 0.793624 0.552941 0.793624 0.556303 0.790268 0.557983 0.791946 0.561345 0.791946 0.561345 0.788591 0.564706 0.785235 0.564706 0.783557 0.561345 0.783557 0.559664 0.785235 0.557983 0.783557 0.551261 0.783557 0.549580 0.785235 0.546218 0.781879 0.546218 0.780201 0.547899 0.778523 0.547899 0.776846 0.544538 0.776846 0.544538 0.786913 0.541176 0.790268
0 0.573109 0.771812 0.571429 0.771812 0.569748 0.773490 0.564706 0.773490 0.564706 0.775168 0.563025 0.776846 0.561345 0.776846 0.561345 0.778523 0.563025 0.778523 0.564706 0.776846 0.566387 0.776846 0.568067 0.778523 0.569748 0.778523 0.569748 0.776846 0.571429 0.775168 0.573109 0.775168
0 0.428571 0.535235 0.426891 0.535235 0.425210 0.536913 0.425210 0.538591 0.428571 0.538591
0 0.440336 0.528523 0.440336 0.530201 0.445378 0.530201 0.445378 0.528523 0.443697 0.526846 0.442017 0.526846
0 0.509244 0.525168 0.509244 0.526846 0.512605 0.526846 0.512605 0.525168
0 0.477311 0.528523 0.477311 0.530201 0.485714 0.530201 0.487395 0.531879 0.492437 0.531879 0.494118 0.530201 0.502521 0.530201 0.502521 0.528523 0.500840 0.528523 0.499160 0.526846 0.499160 0.525168 0.485714 0.525168 0.482353 0.528523
0 0.462185 0.525168 0.458824 0.525168 0.457143 0.523490 0.453782 0.523490 0.453782 0.525168 0.455462 0.526846 0.455462 0.528523 0.453782 0.530201 0.450420 0.530201 0.448739 0.531879 0.448739 0.533557 0.452101 0.533557 0.453782 0.531879 0.455462 0.531879 0.455462 0.530201 0.458824 0.526846 0.462185 0.526846
0 0.425210 0.521812 0.425210 0.523490 0.426891 0.525168 0.426891 0.526846 0.428571 0.526846 0.428571 0.525168 0.426891 0.523490 0.426891 0.521812
0 0.415126 0.516779 0.413445 0.518456 0.413445 0.520134 0.415126 0.521812 0.415126 0.525168 0.413445 0.526846 0.411765 0.525168 0.411765 0.523490 0.408403 0.523490 0.408403 0.525168 0.411765 0.525168 0.413445 0.526846 0.413445 0.528523 0.415126 0.530201 0.413445 0.531879 0.411765 0.531879 0.411765 0.533557 0.413445 0.533557 0.415126 0.535235 0.415126 0.536913 0.421849 0.536913 0.421849 0.533557 0.418487 0.530201 0.418487 0.528523 0.420168 0.526846 0.420168 0.525168 0.418487 0.523490 0.418487 0.520134 0.416807 0.518456 0.416807 0.516779
0 0.420168 0.505034 0.420168 0.506711 0.425210 0.506711 0.425210 0.505034
0 0.470588 0.501678 0.470588 0.503356 0.473950 0.503356 0.473950 0.501678
0 0.347899 0.503356 0.354622 0.503356 0.356303 0.501678 0.361345 0.501678 0.361345 0.500000 0.351261 0.500000 0.349580 0.501678 0.347899 0.501678
0 0.552941 0.501678 0.551261 0.500000 0.547899 0.500000 0.546218 0.498322 0.541176 0.498322 0.537815 0.501678 0.536134 0.501678 0.536134 0.503356 0.534454 0.505034 0.532773 0.503356 0.532773 0.501678 0.526050 0.501678 0.526050 0.503356 0.527731 0.505034 0.527731 0.506711 0.536134 0.506711 0.537815 0.508389 0.539496 0.508389 0.541176 0.510067 0.542857 0.510067 0.542857 0.506711 0.544538 0.505034 0.544538 0.503356 0.546218 0.501678 0.547899 0.501678 0.549580 0.503356 0.552941 0.503356
0 0.556303 0.496644 0.556303 0.500000 0.557983 0.500000 0.559664 0.498322 0.561345 0.498322 0.559664 0.496644
0 0.489076 0.493289 0.487395 0.493289 0.487395 0.494966 0.485714 0.496644 0.484034 0.496644 0.484034 0.498322 0.485714 0.498322 0.485714 0.496644 0.487395 0.494966 0.489076 0.494966
0 0.428571 0.493289 0.428571 0.494966 0.431933 0.494966 0.431933 0.493289
0 0.460504 0.488255 0.460504 0.489933 0.462185 0.491611 0.460504 0.493289 0.460504 0.494966 0.463866 0.494966 0.465546 0.493289 0.467227 0.493289 0.467227 0.491611 0.465546 0.491611 0.463866 0.489933 0.463866 0.488255
0 0.478992 0.474832 0.478992 0.476510 0.482353 0.476510 0.482353 0.474832
0 0.349580 0.473154 0.346218 0.473154 0.344538 0.474832 0.342857 0.474832 0.342857 0.476510 0.344538 0.476510 0.346218 0.474832 0.349580 0.474832
0 0.583193 0.471477 0.578151 0.471477 0.574790 0.474832 0.574790 0.476510 0.573109 0.478188 0.573109 0.479866 0.574790 0.479866 0.576471 0.481544 0.576471 0.483221 0.578151 0.484899 0.576471 0.486577 0.576471 0.488255 0.578151 0.488255 0.578151 0.486577 0.579832 0.484899 0.581513 0.484899 0.581513 0.481544 0.583193 0.479866 0.583193 0.478188 0.584874 0.476510 0.584874 0.473154
0 0.389916 0.463087 0.384874 0.463087 0.383193 0.464765 0.383193 0.466443 0.381513 0.468121 0.381513 0.469799 0.384874 0.469799 0.384874 0.468121 0.386555 0.466443 0.388235 0.466443 0.389916 0.464765
0 0.478992 0.459732 0.478992 0.461409 0.477311 0.463087 0.477311 0.466443 0.478992 0.468121 0.482353 0.468121 0.484034 0.469799 0.487395 0.469799 0.487395 0.468121 0.485714 0.468121 0.484034 0.466443 0.485714 0.464765 0.485714 0.461409 0.482353 0.461409 0.480672 0.459732
0 0.526050 0.456376 0.526050 0.458054 0.529412 0.458054 0.529412 0.456376
0 0.373109 0.446309 0.373109 0.447987 0.376471 0.447987 0.376471 0.446309
0 0.369748 0.441275 0.366387 0.441275 0.366387 0.442953 0.364706 0.444631 0.361345 0.444631 0.361345 0.449664 0.363025 0.451342 0.363025 0.453020 0.364706 0.454698 0.364706 0.456376 0.366387 0.456376 0.366387 0.454698 0.364706 0.453020 0.364706 0.451342 0.366387 0.449664 0.366387 0.447987 0.364706 0.446309 0.366387 0.444631 0.368067 0.444631 0.369748 0.442953
0 0.242017 0.384228 0.242017 0.389262 0.243697 0.389262 0.243697 0.384228
0 0.247059 0.382550 0.247059 0.384228 0.250420 0.384228 0.250420 0.382550
0 0.228571 0.379195 0.228571 0.382550 0.230252 0.382550 0.231933 0.380872 0.235294 0.380872 0.235294 0.379195 0.233613 0.379195 0.231933 0.377517 0.230252 0.377517
0 0.205042 0.369128 0.205042 0.374161 0.208403 0.374161 0.210084 0.372483 0.210084 0.370805 0.208403 0.369128
0 0.191597 0.367450 0.191597 0.369128 0.193277 0.370805 0.193277 0.372483 0.194958 0.374161 0.194958 0.377517 0.196639 0.377517 0.198319 0.375839 0.198319 0.374161 0.196639 0.374161 0.194958 0.372483 0.196639 0.370805 0.196639 0.367450
0 0.236975 0.365772 0.236975 0.367450 0.238655 0.367450 0.240336 0.369128 0.243697 0.369128 0.243697 0.367450 0.240336 0.367450 0.238655 0.365772
0 0.285714 0.357383 0.285714 0.359060 0.289076 0.359060 0.289076 0.357383
0 0.189916 0.357383 0.189916 0.359060 0.191597 0.359060 0.193277 0.360738 0.194958 0.360738 0.194958 0.357383
0 0.294118 0.320470 0.294118 0.325503 0.295798 0.325503 0.295798 0.320470
0 0.200000 0.320470 0.194958 0.320470 0.193277 0.318792 0.189916 0.318792 0.188235 0.320470 0.186555 0.320470 0.186555 0.322148 0.188235 0.323826 0.189916 0.323826 0.191597 0.325503 0.188235 0.328859 0.186555 0.328859 0.186555 0.330537 0.188235 0.330537 0.189916 0.328859 0.193277 0.328859 0.193277 0.327181 0.194958 0.325503 0.194958 0.323826 0.196639 0.322148 0.200000 0.322148
0 0.277311 0.310403 0.277311 0.312081 0.280672 0.312081 0.280672 0.310403
0 0.211765 0.312081 0.211765 0.315436 0.215126 0.315436 0.216807 0.317114 0.216807 0.318792 0.218487 0.320470 0.218487 0.322148 0.220168 0.322148 0.221849 0.323826 0.226891 0.323826 0.228571 0.322148 0.228571 0.317114 0.230252 0.315436 0.235294 0.315436 0.233613 0.313758 0.230252 0.313758 0.228571 0.315436 0.226891 0.313758 0.226891 0.310403 0.221849 0.310403 0.221849 0.313758 0.220168 0.315436 0.218487 0.315436 0.216807 0.313758 0.216807 0.312081
0 0.289076 0.307047 0.289076 0.308725 0.292437 0.308725 0.292437 0.307047
0 0.235294 0.307047 0.233613 0.307047 0.231933 0.308725 0.231933 0.310403 0.235294 0.310403
0 0.262185 0.296980 0.262185 0.298658 0.265546 0.298658 0.265546 0.296980
0 0.257143 0.291946 0.257143 0.293624 0.262185 0.293624 0.262185 0.291946
0 0.494118 0.263423 0.494118 0.265101 0.495798 0.266779 0.500840 0.266779 0.500840 0.265101 0.499160 0.265101 0.497479 0.263423
0 0.484034 0.251678 0.484034 0.250000 0.482353 0.248322 0.482353 0.246644 0.480672 0.246644 0.478992 0.248322 0.475630 0.248322 0.475630 0.250000 0.478992 0.250000 0.480672 0.251678
0 0.072269 0.147651 0.072269 0.149329 0.075630 0.149329 0.075630 0.147651
0 0.090756 0.135906 0.087395 0.135906 0.085714 0.137584 0.082353 0.137584 0.082353 0.139262 0.080672 0.140940 0.085714 0.140940 0.087395 0.139262 0.089076 0.139262 0.090756 0.137584
0 0.112605 0.114094 0.114286 0.115772 0.115966 0.115772 0.115966 0.114094 0.117647 0.112416 0.112605 0.112416
0 0.159664 0.078859 0.157983 0.078859 0.156303 0.077181 0.154622 0.077181 0.152941 0.078859 0.151261 0.078859 0.151261 0.083893 0.152941 0.085570 0.154622 0.085570 0.156303 0.083893 0.157983 0.083893 0.159664 0.082215
0 0.124370 0.043624 0.124370 0.048658 0.131092 0.048658 0.131092 0.046980 0.129412 0.045302 0.127731 0.045302 0.126050 0.043624
0 0.060504 0.013423 0.060504 0.015101 0.063866 0.015101 0.063866 0.013423
0 0.087395 0.010067 0.087395 0.011745 0.094118 0.011745 0.094118 0.010067
0 0.087395 0.005034 0.087395 0.006711 0.090756 0.006711 0.090756 0.005034