0 0.664706 0.652685 0.005042 0.003356
0 0.622689 0.554530 0.021849 0.018456
0 0.530252 0.543624 0.011765 0.013423
0 0.535294 0.530201 0.011765 0.010067
0 0.514286 0.515940 0.020168 0.025168
0 0.478151 0.500000 0.008403 0.006711
0 0.464706 0.498322 0.008403 0.010067
0 0.441176 0.494128 0.031933 0.021812
0 0.574790 0.484060 0.006723 0.005034
0 0.490756 0.496644 0.030252 0.033557
0 0.434454 0.479866 0.028571 0.016779
0 0.466387 0.472315 0.011765 0.011745
0 0.605882 0.503356 0.092437 0.100671
0 0.382353 0.447148 0.025210 0.015101
0 0.362185 0.437081 0.005042 0.005034
0 0.375630 0.435403 0.005042 0.005034
0 0.407563 0.432886 0.008403 0.006711
0 0.360504 0.423658 0.011765 0.011745
0 0.410924 0.417785 0.008403 0.010067
0 0.371429 0.414430 0.006723 0.006711
0 0.419328 0.406040 0.005042 0.003356
0 0.424370 0.397651 0.005042 0.003356
0 0.425210 0.375000 0.010084 0.008389
0 0.355462 0.372483 0.005042 0.003356
0 0.394118 0.389262 0.045378 0.040268
0 0.283193 0.310403 0.038655 0.016779
0 0.276471 0.296141 0.018487 0.011745
0 0.390756 0.192114 0.008403 0.008389
0 0.115126 0.046141 0.015126 0.008389
0 0.152941 0.045302 0.013445 0.013423
0 0.089916 0.044463 0.031933 0.015101
0 0.166387 0.036913 0.010084 0.010067
0 0.157983 0.005872 0.033613 0.011745
0 0.111765 0.015940 0.055462 0.031879