0 0.927609 0.820470 0.006734 0.003356
0 0.367845 0.550336 0.008418 0.006711
0 0.888889 0.546141 0.013468 0.008389
0 0.394781 0.545302 0.008418 0.006711
0 0.610269 0.526007 0.005051 0.005034
0 0.372054 0.530201 0.037037 0.013423
0 0.394781 0.523490 0.005051 0.003356
0 0.335859 0.533557 0.048822 0.036913
0 0.399832 0.516779 0.008418 0.006711
0 0.462121 0.499161 0.015152 0.008389
0 0.446128 0.499161 0.013468 0.008389
0 0.428451 0.492450 0.005051 0.005034
0 0.542929 0.503356 0.025253 0.030201
0 0.348485 0.475671 0.013468 0.011745
0 0.336700 0.473154 0.006734 0.006711
0 0.512626 0.479866 0.035354 0.030201
0 0.487374 0.460570 0.005051 0.005034
0 0.476431 0.460570 0.006734 0.005034
0 0.415825 0.469799 0.117845 0.040268