0 0.879630 0.783557 0.005051 0.003356
0 0.780303 0.547819 0.005051 0.005034
0 0.362795 0.515940 0.015152 0.015101
0 0.352694 0.507550 0.008418 0.005034
0 0.296296 0.503356 0.010101 0.006711
0 0.261785 0.484060 0.008418 0.005034
0 0.553030 0.483221 0.015152 0.010067
0 0.542088 0.480705 0.003367 0.005034
0 0.532828 0.476510 0.005051 0.006711
0 0.320707 0.473993 0.005051 0.005034
0 0.248316 0.478188 0.025253 0.020134
0 0.486532 0.450503 0.006734 0.008389
0 0.269360 0.453859 0.013468 0.018456
0 0.469697 0.445470 0.023569 0.011745
0 0.410774 0.437081 0.010101 0.005034
0 0.392256 0.438758 0.006734 0.008389
0 0.372054 0.429530 0.013468 0.006711
0 0.344276 0.432886 0.038721 0.020134
0 0.315657 0.425336 0.008418 0.005034