0 0.541176 0.669463 0.541176 0.672819 0.542857 0.674497 0.544538 0.674497 0.544538 0.669463
0 0.448739 0.666107 0.448739 0.669463 0.450420 0.671141 0.453782 0.671141 0.453782 0.666107
0 0.549580 0.639262 0.549580 0.640940 0.551261 0.640940 0.552941 0.642617 0.557983 0.642617 0.557983 0.640940 0.556303 0.639262
0 0.371429 0.474832 0.371429 0.478188 0.373109 0.479866 0.373109 0.484899 0.379832 0.484899 0.381513 0.483221 0.381513 0.481544 0.383193 0.479866 0.384874 0.479866 0.383193 0.479866 0.381513 0.481544 0.379832 0.479866 0.379832 0.478188 0.378151 0.478188 0.374790 0.474832
0 0.512605 0.473154 0.512605 0.474832 0.514286 0.474832 0.515966 0.476510 0.515966 0.479866 0.519328 0.479866 0.521008 0.478188 0.522689 0.478188 0.521008 0.476510 0.521008 0.473154
0 0.240336 0.343960 0.242017 0.345638 0.243697 0.345638 0.245378 0.347315 0.250420 0.347315 0.252101 0.345638 0.257143 0.345638 0.258824 0.343960 0.260504 0.343960 0.262185 0.342282 0.263866 0.342282 0.263866 0.338926 0.262185 0.338926 0.260504 0.337248 0.258824 0.337248 0.257143 0.335570 0.252101 0.335570 0.250420 0.333893 0.248739 0.333893 0.247059 0.335570 0.245378 0.335570 0.245378 0.338926 0.243697 0.340604 0.242017 0.340604 0.240336 0.342282
0 0.326050 0.313758 0.326050 0.318792 0.327731 0.318792 0.329412 0.320470 0.331092 0.320470 0.332773 0.318792 0.336134 0.318792 0.336134 0.317114 0.334454 0.317114 0.332773 0.315436 0.332773 0.313758 0.331092 0.312081 0.329412 0.312081 0.327731 0.313758
0 0.218487 0.283557 0.218487 0.286913 0.220168 0.286913 0.220168 0.283557
0 0.398319 0.250000 0.398319 0.251678 0.400000 0.253356 0.403361 0.253356 0.403361 0.251678 0.401681 0.251678 0.400000 0.250000
0 0.598319 0.209732 0.598319 0.211409 0.603361 0.211409 0.603361 0.209732 0.601681 0.208054 0.600000 0.208054
0 0.406723 0.152685 0.406723 0.154362 0.408403 0.154362 0.410084 0.156040 0.410084 0.161074 0.413445 0.161074 0.416807 0.157718 0.418487 0.157718 0.418487 0.156040 0.413445 0.156040 0.411765 0.154362 0.410084 0.154362 0.408403 0.152685
0 0.480672 0.151007 0.478992 0.152685 0.478992 0.154362 0.480672 0.156040 0.484034 0.156040 0.484034 0.151007
0 0.075630 0.050336 0.075630 0.052013 0.077311 0.053691 0.078992 0.053691 0.078992 0.050336
0 0.109244 0.040268 0.109244 0.041946 0.112605 0.041946 0.112605 0.040268