0 0.951261 0.572148 0.951261 0.573826 0.954622 0.573826 0.954622 0.572148
0 0.485714 0.494966 0.485714 0.500000 0.490756 0.505034 0.490756 0.510067 0.492437 0.510067 0.494118 0.511745 0.494118 0.513423 0.499160 0.513423 0.504202 0.508389 0.507563 0.508389 0.509244 0.506711 0.517647 0.506711 0.519328 0.505034 0.522689 0.505034 0.522689 0.501678 0.524370 0.500000 0.526050 0.500000 0.526050 0.498322 0.524370 0.496644 0.517647 0.496644 0.517647 0.498322 0.514286 0.503356 0.504202 0.503356 0.504202 0.505034 0.502521 0.506711 0.500840 0.506711 0.499160 0.505034 0.499160 0.503356 0.497479 0.503356 0.495798 0.501678 0.495798 0.496644 0.494118 0.496644 0.492437 0.498322 0.490756 0.496644 0.490756 0.494966
0 0.532773 0.488255 0.532773 0.489933 0.536134 0.489933 0.537815 0.491611 0.537815 0.493289 0.549580 0.493289 0.549580 0.491611 0.547899 0.489933 0.547899 0.488255 0.546218 0.488255 0.544538 0.489933 0.541176 0.489933 0.539496 0.488255
0 0.347899 0.486577 0.347899 0.489933 0.349580 0.491611 0.347899 0.493289 0.347899 0.496644 0.349580 0.496644 0.351261 0.494966 0.357983 0.494966 0.359664 0.496644 0.363025 0.496644 0.364706 0.494966 0.364706 0.493289 0.361345 0.493289 0.359664 0.491611 0.357983 0.491611 0.356303 0.489933 0.354622 0.489933 0.352941 0.488255 0.354622 0.486577
0 0.551261 0.483221 0.551261 0.484899 0.554622 0.488255 0.559664 0.488255 0.559664 0.483221
0 0.502521 0.479866 0.500840 0.479866 0.499160 0.478188 0.497479 0.478188 0.495798 0.479866 0.494118 0.479866 0.494118 0.486577 0.495798 0.486577 0.495798 0.483221 0.497479 0.481544 0.502521 0.481544
0 0.512605 0.469799 0.512605 0.471477 0.514286 0.473154 0.515966 0.473154 0.515966 0.471477 0.514286 0.469799
0 0.561345 0.458054 0.559664 0.458054 0.556303 0.461409 0.554622 0.461409 0.551261 0.464765 0.547899 0.464765 0.547899 0.469799 0.552941 0.469799 0.556303 0.473154 0.554622 0.474832 0.551261 0.474832 0.551261 0.476510 0.552941 0.476510 0.554622 0.478188 0.554622 0.479866 0.557983 0.479866 0.559664 0.478188 0.563025 0.478188 0.563025 0.476510 0.564706 0.474832 0.564706 0.469799 0.566387 0.468121 0.566387 0.461409 0.564706 0.459732 0.563025 0.459732
0 0.386555 0.447987 0.384874 0.447987 0.383193 0.446309 0.381513 0.446309 0.379832 0.447987 0.374790 0.446309 0.373109 0.447987 0.373109 0.449664 0.374790 0.451342 0.373109 0.453020 0.371429 0.453020 0.369748 0.454698 0.366387 0.454698 0.364706 0.453020 0.361345 0.453020 0.361345 0.454698 0.356303 0.458054 0.356303 0.463087 0.354622 0.464765 0.354622 0.466443 0.356303 0.468121 0.361345 0.468121 0.363025 0.466443 0.366387 0.466443 0.368067 0.468121 0.368067 0.469799 0.376471 0.469799 0.376471 0.468121 0.379832 0.464765 0.379832 0.463087 0.381513 0.461409 0.384874 0.461409 0.384874 0.459732 0.389916 0.456376 0.389916 0.454698 0.388235 0.454698 0.386555 0.453020
0 0.400000 0.427852 0.400000 0.429530 0.403361 0.429530 0.403361 0.427852
0 0.931092 0.422819 0.931092 0.424497 0.934454 0.424497 0.934454 0.422819
0 0.252101 0.375839 0.252101 0.377517 0.255462 0.377517 0.257143 0.375839 0.258824 0.377517 0.262185 0.377517 0.263866 0.379195 0.265546 0.379195 0.267227 0.377517 0.267227 0.374161 0.265546 0.374161 0.263866 0.372483 0.257143 0.372483 0.253782 0.375839
0 0.242017 0.370805 0.242017 0.372483 0.243697 0.374161 0.245378 0.374161 0.247059 0.375839 0.247059 0.377517 0.248739 0.377517 0.248739 0.372483 0.247059 0.372483 0.245378 0.370805
0 0.272269 0.367450 0.272269 0.369128 0.273950 0.369128 0.275630 0.370805 0.277311 0.370805 0.277311 0.369128 0.278992 0.367450 0.280672 0.369128 0.282353 0.369128 0.282353 0.365772 0.275630 0.365772 0.273950 0.367450
0 0.220168 0.360738 0.220168 0.364094 0.221849 0.364094 0.223529 0.365772 0.228571 0.365772 0.228571 0.364094 0.226891 0.362416 0.223529 0.362416 0.221849 0.360738
0 0.240336 0.359060 0.236975 0.359060 0.235294 0.360738 0.231933 0.360738 0.231933 0.362416 0.233613 0.362416 0.235294 0.364094 0.235294 0.365772 0.236975 0.365772 0.236975 0.364094 0.238655 0.362416 0.240336 0.362416
0 0.272269 0.355705 0.272269 0.357383 0.273950 0.357383 0.275630 0.359060 0.273950 0.360738 0.273950 0.362416 0.280672 0.362416 0.282353 0.360738 0.282353 0.359060 0.280672 0.359060 0.278992 0.360738 0.277311 0.359060 0.275630 0.359060 0.273950 0.357383 0.273950 0.355705
0 0.305882 0.352349 0.304202 0.352349 0.304202 0.354027 0.302521 0.355705 0.300840 0.354027 0.299160 0.354027 0.299160 0.355705 0.297479 0.357383 0.295798 0.357383 0.297479 0.359060 0.302521 0.359060 0.304202 0.357383 0.304202 0.355705 0.305882 0.354027
0 0.278992 0.352349 0.278992 0.354027 0.282353 0.354027 0.282353 0.352349
0 0.228571 0.350671 0.225210 0.350671 0.225210 0.352349 0.223529 0.354027 0.221849 0.354027 0.220168 0.355705 0.220168 0.357383 0.230252 0.357383 0.230252 0.355705 0.228571 0.354027
0 0.218487 0.348993 0.216807 0.348993 0.215126 0.350671 0.215126 0.352349 0.218487 0.352349
0 0.191597 0.347315 0.191597 0.348993 0.193277 0.348993 0.194958 0.350671 0.200000 0.350671 0.200000 0.348993 0.198319 0.348993 0.196639 0.347315
0 0.344538 0.338926 0.344538 0.342282 0.346218 0.342282 0.346218 0.338926
0 0.357983 0.337248 0.354622 0.337248 0.352941 0.338926 0.349580 0.338926 0.349580 0.340604 0.351261 0.342282 0.352941 0.342282 0.352941 0.340604 0.354622 0.338926 0.357983 0.338926
0 0.194958 0.337248 0.196639 0.337248 0.198319 0.335570 0.200000 0.337248 0.201681 0.337248 0.201681 0.335570 0.200000 0.333893 0.196639 0.333893 0.196639 0.335570
0 0.302521 0.333893 0.300840 0.332215 0.299160 0.332215 0.297479 0.330537 0.295798 0.330537 0.292437 0.333893 0.290756 0.333893 0.290756 0.338926 0.294118 0.338926 0.294118 0.337248 0.295798 0.335570 0.302521 0.335570
0 0.280672 0.327181 0.280672 0.328859 0.278992 0.330537 0.277311 0.330537 0.277311 0.332215 0.278992 0.333893 0.280672 0.333893 0.282353 0.335570 0.285714 0.335570 0.287395 0.333893 0.287395 0.328859 0.284034 0.328859 0.282353 0.327181
0 0.240336 0.325503 0.238655 0.325503 0.236975 0.327181 0.235294 0.325503 0.231933 0.325503 0.230252 0.323826 0.225210 0.323826 0.225210 0.325503 0.223529 0.327181 0.218487 0.327181 0.218487 0.328859 0.220168 0.330537 0.218487 0.332215 0.216807 0.332215 0.215126 0.330537 0.213445 0.330537 0.211765 0.332215 0.211765 0.333893 0.213445 0.335570 0.213445 0.337248 0.211765 0.338926 0.211765 0.342282 0.215126 0.342282 0.215126 0.338926 0.218487 0.335570 0.221849 0.338926 0.221849 0.340604 0.228571 0.340604 0.233613 0.335570 0.238655 0.335570 0.238655 0.333893 0.240336 0.332215
0 0.297479 0.323826 0.297479 0.325503 0.299160 0.327181 0.304202 0.327181 0.304202 0.322148 0.299160 0.322148
0 0.267227 0.322148 0.267227 0.323826 0.268908 0.323826 0.270588 0.325503 0.273950 0.325503 0.273950 0.323826 0.272269 0.322148
0 0.260504 0.322148 0.260504 0.323826 0.263866 0.323826 0.263866 0.322148
0 0.304202 0.305369 0.304202 0.307047 0.305882 0.308725 0.307563 0.308725 0.309244 0.307047 0.309244 0.305369
0 0.250420 0.303691 0.250420 0.308725 0.248739 0.310403 0.248739 0.313758 0.250420 0.313758 0.250420 0.312081 0.252101 0.310403 0.257143 0.310403 0.262185 0.313758 0.262185 0.317114 0.267227 0.317114 0.268908 0.315436 0.273950 0.315436 0.273950 0.313758 0.275630 0.312081 0.275630 0.310403 0.270588 0.310403 0.268908 0.308725 0.268908 0.307047 0.267227 0.305369 0.268908 0.303691 0.270588 0.303691 0.270588 0.302013 0.268908 0.302013 0.268908 0.303691 0.267227 0.305369 0.263866 0.305369 0.262185 0.303691 0.262185 0.302013 0.260504 0.302013 0.258824 0.300336 0.257143 0.300336 0.255462 0.302013 0.253782 0.302013 0.252101 0.303691
0 0.236975 0.286913 0.233613 0.286913 0.231933 0.288591 0.231933 0.295302 0.230252 0.296980 0.236975 0.296980 0.238655 0.295302 0.238655 0.293624 0.236975 0.291946 0.238655 0.290268 0.238655 0.288591
0 0.386555 0.244966 0.386555 0.246644 0.389916 0.246644 0.391597 0.248322 0.393277 0.248322 0.394958 0.246644 0.398319 0.246644 0.400000 0.248322 0.406723 0.248322 0.408403 0.246644 0.410084 0.246644 0.410084 0.244966 0.408403 0.244966 0.406723 0.243289 0.401681 0.243289 0.400000 0.241611 0.396639 0.241611 0.396639 0.243289 0.393277 0.246644 0.391597 0.246644 0.389916 0.244966
0 0.477311 0.233221 0.477311 0.234899 0.482353 0.234899 0.480672 0.233221
0 0.403361 0.231544 0.400000 0.231544 0.398319 0.233221 0.396639 0.233221 0.396639 0.236577 0.400000 0.236577 0.403361 0.233221
0 0.490756 0.233221 0.495798 0.233221 0.497479 0.231544 0.497479 0.229866 0.492437 0.229866 0.490756 0.231544
0 0.394958 0.223154 0.394958 0.224832 0.396639 0.224832 0.398319 0.226510 0.401681 0.226510 0.401681 0.224832 0.398319 0.224832 0.396639 0.223154
0 0.413445 0.219799 0.413445 0.221477 0.416807 0.221477 0.416807 0.219799
0 0.514286 0.219799 0.510924 0.219799 0.509244 0.218121 0.507563 0.218121 0.505882 0.219799 0.505882 0.221477 0.507563 0.223154 0.510924 0.223154 0.512605 0.224832 0.510924 0.226510 0.509244 0.226510 0.509244 0.228188 0.505882 0.231544 0.500840 0.231544 0.500840 0.233221 0.502521 0.234899 0.502521 0.236577 0.505882 0.236577 0.507563 0.234899 0.509244 0.234899 0.509244 0.233221 0.510924 0.231544 0.515966 0.231544 0.515966 0.229866 0.514286 0.228188 0.515966 0.226510 0.517647 0.226510 0.517647 0.223154 0.515966 0.223154 0.514286 0.221477
0 0.393277 0.216443 0.393277 0.218121 0.394958 0.219799 0.398319 0.219799 0.398319 0.218121 0.396639 0.216443
0 0.386555 0.216443 0.383193 0.216443 0.381513 0.218121 0.379832 0.218121 0.379832 0.219799 0.386555 0.219799
0 0.468908 0.214765 0.468908 0.216443 0.475630 0.216443 0.475630 0.213087 0.470588 0.213087
0 0.492437 0.206376 0.492437 0.208054 0.494118 0.208054 0.495798 0.209732 0.495798 0.213087 0.502521 0.213087 0.502521 0.211409 0.500840 0.211409 0.499160 0.209732 0.499160 0.208054 0.497479 0.206376
0 0.480672 0.204698 0.480672 0.206376 0.482353 0.206376 0.484034 0.208054 0.485714 0.208054 0.487395 0.206376 0.489076 0.206376 0.489076 0.204698
0 0.452101 0.203020 0.452101 0.204698 0.453782 0.206376 0.453782 0.208054 0.455462 0.208054 0.457143 0.209732 0.458824 0.209732 0.458824 0.204698 0.457143 0.203020
0 0.467227 0.201342 0.467227 0.203020 0.470588 0.203020 0.470588 0.201342
0 0.413445 0.154362 0.416807 0.154362 0.418487 0.152685 0.420168 0.152685 0.420168 0.151007 0.415126 0.151007 0.413445 0.152685
0 0.006723 0.147651 0.006723 0.149329 0.010084 0.149329 0.010084 0.147651
0 0.073950 0.125839 0.068908 0.125839 0.067227 0.127517 0.065546 0.127517 0.063866 0.129195 0.062185 0.129195 0.062185 0.130872 0.060504 0.132550 0.058824 0.132550 0.057143 0.134228 0.055462 0.134228 0.053782 0.135906 0.052101 0.135906 0.052101 0.137584 0.055462 0.137584 0.057143 0.139262 0.058824 0.139262 0.060504 0.137584 0.063866 0.137584 0.065546 0.135906 0.065546 0.134228 0.067227 0.132550 0.070588 0.132550 0.070588 0.130872 0.073950 0.127517
0 0.077311 0.107383 0.073950 0.107383 0.072269 0.109060 0.072269 0.110738 0.073950 0.110738 0.075630 0.109060 0.077311 0.109060
0 0.065546 0.102349 0.065546 0.105705 0.070588 0.105705 0.072269 0.104027 0.072269 0.102349
0 0.097479 0.085570 0.097479 0.088926 0.102521 0.088926 0.104202 0.087248 0.105882 0.087248 0.105882 0.085570 0.104202 0.085570 0.102521 0.083893 0.099160 0.083893
0 0.131092 0.068792 0.129412 0.067114 0.126050 0.067114 0.126050 0.068792 0.124370 0.070470 0.121008 0.070470 0.121008 0.072148 0.119328 0.073826 0.114286 0.073826 0.112605 0.075503 0.112605 0.077181 0.122689 0.077181 0.124370 0.075503 0.127731 0.075503 0.127731 0.073826 0.131092 0.070470
0 0.144538 0.048658 0.142857 0.046980 0.136134 0.046980 0.134454 0.045302 0.132773 0.045302 0.132773 0.046980 0.129412 0.050336 0.126050 0.050336 0.122689 0.053691 0.122689 0.055369 0.121008 0.057047 0.117647 0.057047 0.115966 0.055369 0.115966 0.052013 0.112605 0.052013 0.110924 0.053691 0.110924 0.055369 0.115966 0.055369 0.117647 0.057047 0.115966 0.062081 0.114286 0.063758 0.112605 0.063758 0.112605 0.068792 0.115966 0.068792 0.114286 0.063758 0.119328 0.060403 0.121008 0.062081 0.126050 0.063758 0.126050 0.062081 0.127731 0.060403 0.129412 0.060403 0.131092 0.058725 0.136134 0.058725 0.136134 0.057047 0.139496 0.053691 0.142857 0.053691 0.144538 0.052013
0 0.119328 0.041946 0.119328 0.045302 0.121008 0.045302 0.122689 0.043624 0.124370 0.043624 0.124370 0.041946
0 0.094118 0.041946 0.094118 0.043624 0.097479 0.043624 0.097479 0.041946
0 0.117647 0.033557 0.117647 0.036913 0.121008 0.036913 0.122689 0.035235 0.122689 0.033557
0 0.077311 0.035235 0.077311 0.036913 0.078992 0.038591 0.082353 0.038591 0.084034 0.036913 0.085714 0.038591 0.087395 0.038591 0.089076 0.036913 0.089076 0.035235 0.084034 0.035235 0.082353 0.033557 0.080672 0.033557 0.078992 0.035235
0 0.045378 0.023490 0.045378 0.025168 0.048739 0.025168 0.052101 0.021812 0.053782 0.023490 0.053782 0.025168 0.060504 0.025168 0.060504 0.023490 0.062185 0.021812 0.063866 0.023490 0.063866 0.025168 0.067227 0.025168 0.068908 0.026846 0.067227 0.028523 0.065546 0.028523 0.065546 0.030201 0.067227 0.030201 0.068908 0.028523 0.070588 0.028523 0.070588 0.026846 0.068908 0.026846 0.067227 0.025168 0.067227 0.023490 0.065546 0.023490 0.063866 0.021812 0.063866 0.020134 0.062185 0.018456 0.058824 0.018456 0.057143 0.020134 0.048739 0.020134