0 0.280672 0.862416 0.280672 0.864094 0.282353 0.864094 0.284034 0.865772 0.285714 0.865772 0.287395 0.864094 0.287395 0.862416
0 0.831933 0.852349 0.828571 0.852349 0.826891 0.854027 0.821849 0.854027 0.821849 0.857383 0.825210 0.857383 0.828571 0.854027 0.831933 0.854027
0 0.833613 0.845638 0.833613 0.847315 0.836975 0.847315 0.836975 0.845638
0 0.084034 0.822148 0.084034 0.823826 0.085714 0.823826 0.089076 0.827181 0.090756 0.827181 0.092437 0.828859 0.094118 0.828859 0.095798 0.830537 0.097479 0.830537 0.097479 0.828859 0.099160 0.827181 0.099160 0.825503 0.094118 0.825503 0.092437 0.823826 0.090756 0.823826 0.089076 0.825503 0.087395 0.825503 0.085714 0.823826 0.085714 0.822148
0 0.112605 0.813758 0.112605 0.817114 0.114286 0.818792 0.121008 0.818792 0.121008 0.817114 0.119328 0.815436 0.115966 0.815436 0.114286 0.813758
0 0.786555 0.823826 0.786555 0.825503 0.793277 0.825503 0.794958 0.822148 0.800000 0.822148 0.801681 0.823826 0.798319 0.827181 0.800000 0.830537 0.818487 0.833893 0.820168 0.828859 0.821849 0.835570 0.823529 0.835570 0.825210 0.828859 0.831933 0.840604 0.828571 0.843960 0.831933 0.840604 0.840336 0.840604 0.843697 0.835570 0.847059 0.835570 0.843697 0.832215 0.840336 0.835570 0.836975 0.835570 0.835294 0.833893 0.836975 0.830537 0.833613 0.827181 0.830252 0.828859 0.825210 0.825503 0.818487 0.825503 0.816807 0.823826 0.818487 0.822148 0.831933 0.822148 0.835294 0.817114 0.831933 0.820470 0.828571 0.817114 0.826891 0.820470 0.825210 0.817114 0.808403 0.817114 0.805042 0.812081 0.796639 0.810403 0.794958 0.813758 0.796639 0.818792 0.791597 0.820470 0.789916 0.823826
0 0.092437 0.808725 0.092437 0.813758 0.094118 0.813758 0.094118 0.808725
0 0.791597 0.807047 0.789916 0.805369 0.788235 0.805369 0.786555 0.807047 0.784874 0.807047 0.784874 0.812081 0.786555 0.812081 0.786555 0.810403 0.788235 0.808725 0.791597 0.808725
0 0.801681 0.800336 0.801681 0.802013 0.805042 0.802013 0.805042 0.800336
0 0.110924 0.795302 0.105882 0.795302 0.105882 0.796980 0.104202 0.798658 0.100840 0.798658 0.100840 0.800336 0.102521 0.802013 0.104202 0.802013 0.105882 0.800336 0.109244 0.800336 0.110924 0.798658
0 0.808403 0.796980 0.808403 0.798658 0.810084 0.798658 0.810084 0.796980 0.811765 0.795302 0.813445 0.796980 0.813445 0.798658 0.816807 0.798658 0.816807 0.796980 0.815126 0.795302 0.815126 0.793624 0.811765 0.793624 0.811765 0.795302 0.810084 0.796980
0 0.171429 0.796980 0.174790 0.796980 0.176471 0.795302 0.178151 0.795302 0.178151 0.793624 0.173109 0.793624 0.171429 0.795302
0 0.095798 0.793624 0.092437 0.793624 0.092437 0.796980 0.094118 0.796980 0.095798 0.795302
0 0.174790 0.788591 0.174790 0.790268 0.178151 0.790268 0.178151 0.788591
0 0.191597 0.786913 0.191597 0.790268 0.189916 0.791946 0.189916 0.793624 0.191597 0.793624 0.191597 0.791946 0.193277 0.790268 0.196639 0.790268 0.198319 0.791946 0.196639 0.793624 0.194958 0.793624 0.194958 0.795302 0.196639 0.795302 0.196639 0.793624 0.198319 0.791946 0.200000 0.791946 0.200000 0.790268 0.198319 0.788591 0.198319 0.786913
0 0.181513 0.770134 0.179832 0.768456 0.179832 0.766779 0.171429 0.766779 0.171429 0.768456 0.169748 0.770134 0.156303 0.770134 0.156303 0.773490 0.157983 0.773490 0.159664 0.775168 0.166387 0.775168 0.168067 0.776846 0.169748 0.776846 0.171429 0.775168 0.179832 0.775168 0.179832 0.773490 0.181513 0.771812
0 0.352941 0.652685 0.352941 0.654362 0.354622 0.656040 0.354622 0.657718 0.356303 0.659396 0.356303 0.661074 0.366387 0.661074 0.366387 0.659396 0.364706 0.657718 0.364706 0.652685
0 0.808403 0.624161 0.808403 0.627517 0.810084 0.627517 0.810084 0.624161
0 0.778151 0.620805 0.778151 0.622483 0.779832 0.622483 0.783193 0.627517 0.779832 0.630872 0.779832 0.632550 0.781513 0.632550 0.783193 0.634228 0.783193 0.635906 0.786555 0.635906 0.788235 0.637584 0.788235 0.639262 0.808403 0.639262 0.808403 0.637584 0.806723 0.637584 0.805042 0.635906 0.805042 0.634228 0.800000 0.634228 0.798319 0.632550 0.798319 0.630872 0.791597 0.630872 0.789916 0.629195 0.788235 0.629195 0.786555 0.627517 0.788235 0.625839 0.789916 0.625839 0.789916 0.624161 0.781513 0.624161 0.779832 0.622483 0.779832 0.620805
0 0.763025 0.617450 0.763025 0.620805 0.764706 0.622483 0.763025 0.624161 0.763025 0.625839 0.764706 0.627517 0.764706 0.632550 0.769748 0.632550 0.771429 0.634228 0.773109 0.634228 0.773109 0.632550 0.771429 0.630872 0.769748 0.630872 0.768067 0.629195 0.769748 0.627517 0.769748 0.625839 0.768067 0.625839 0.766387 0.624161 0.768067 0.622483 0.771429 0.622483 0.771429 0.617450
0 0.801681 0.615772 0.801681 0.617450 0.805042 0.617450 0.805042 0.615772
0 0.788235 0.617450 0.788235 0.619128 0.789916 0.619128 0.791597 0.620805 0.794958 0.620805 0.794958 0.619128 0.793277 0.617450 0.793277 0.615772 0.791597 0.615772 0.789916 0.617450
0 0.825210 0.545302 0.825210 0.546980 0.826891 0.546980 0.828571 0.548658 0.826891 0.550336 0.826891 0.552013 0.828571 0.552013 0.828571 0.550336 0.830252 0.548658 0.830252 0.546980 0.828571 0.546980 0.826891 0.545302
0 0.788235 0.531879 0.788235 0.533557 0.791597 0.533557 0.791597 0.531879
0 0.815126 0.533557 0.815126 0.535235 0.816807 0.536913 0.823529 0.536913 0.823529 0.530201 0.818487 0.530201 0.818487 0.531879 0.816807 0.533557
0 0.482353 0.515101 0.482353 0.516779 0.484034 0.518456 0.485714 0.518456 0.485714 0.515101
0 0.455462 0.511745 0.455462 0.516779 0.453782 0.518456 0.453782 0.520134 0.460504 0.520134 0.462185 0.521812 0.468908 0.521812 0.472269 0.525168 0.473950 0.525168 0.473950 0.523490 0.470588 0.520134 0.472269 0.518456 0.472269 0.516779 0.470588 0.515101 0.467227 0.515101 0.465546 0.513423 0.462185 0.513423 0.460504 0.515101 0.458824 0.515101 0.457143 0.513423 0.457143 0.511745
0 0.791597 0.508389 0.791597 0.511745 0.793277 0.513423 0.803361 0.513423 0.803361 0.511745 0.805042 0.510067 0.806723 0.511745 0.808403 0.511745 0.810084 0.513423 0.810084 0.515101 0.808403 0.516779 0.808403 0.518456 0.810084 0.518456 0.811765 0.520134 0.815126 0.520134 0.816807 0.518456 0.820168 0.518456 0.820168 0.516779 0.816807 0.513423 0.816807 0.510067 0.811765 0.510067 0.810084 0.511745 0.808403 0.510067 0.808403 0.508389 0.801681 0.508389 0.800000 0.510067 0.798319 0.508389
0 0.487395 0.503356 0.487395 0.505034 0.490756 0.505034 0.490756 0.503356
0 0.477311 0.494966 0.475630 0.493289 0.475630 0.491611 0.473950 0.491611 0.473950 0.493289 0.472269 0.494966 0.470588 0.493289 0.468908 0.493289 0.467227 0.494966 0.465546 0.494966 0.463866 0.496644 0.455462 0.496644 0.453782 0.498322 0.452101 0.496644 0.450420 0.496644 0.450420 0.500000 0.452101 0.501678 0.452101 0.503356 0.457143 0.503356 0.458824 0.505034 0.458824 0.506711 0.467227 0.506711 0.467227 0.505034 0.470588 0.501678 0.470588 0.498322 0.472269 0.496644 0.473950 0.498322 0.475630 0.498322 0.477311 0.496644
0 0.302521 0.416107 0.300840 0.416107 0.299160 0.417785 0.299160 0.419463 0.300840 0.419463 0.302521 0.417785
0 0.179832 0.335570 0.176471 0.335570 0.176471 0.338926 0.178151 0.338926 0.179832 0.337248
0 0.231933 0.327181 0.226891 0.322148 0.225210 0.322148 0.223529 0.323826 0.220168 0.323826 0.218487 0.322148 0.215126 0.322148 0.213445 0.323826 0.211765 0.323826 0.211765 0.325503 0.215126 0.325503 0.218487 0.328859 0.221849 0.328859 0.223529 0.330537 0.220168 0.333893 0.218487 0.333893 0.218487 0.335570 0.216807 0.337248 0.210084 0.337248 0.206723 0.333893 0.205042 0.333893 0.203361 0.335570 0.203361 0.338926 0.205042 0.338926 0.206723 0.340604 0.216807 0.340604 0.220168 0.335570 0.221849 0.335570 0.226891 0.332215 0.231933 0.332215
0 0.173109 0.312081 0.173109 0.313758 0.174790 0.313758 0.176471 0.315436 0.176471 0.318792 0.181513 0.318792 0.179832 0.313758 0.181513 0.312081 0.184874 0.312081 0.186555 0.310403 0.193277 0.310403 0.194958 0.312081 0.193277 0.313758 0.194958 0.318792 0.201681 0.318792 0.201681 0.317114 0.205042 0.313758 0.206723 0.315436 0.206723 0.317114 0.211765 0.317114 0.211765 0.315436 0.213445 0.313758 0.216807 0.313758 0.216807 0.312081 0.206723 0.303691 0.191597 0.303691 0.191597 0.305369 0.189916 0.307047 0.188235 0.307047 0.183193 0.310403 0.181513 0.308725 0.178151 0.308725 0.178151 0.310403 0.176471 0.312081
0 0.763025 0.298658 0.763025 0.300336 0.764706 0.302013 0.764706 0.303691 0.766387 0.303691 0.766387 0.302013 0.768067 0.300336 0.768067 0.298658
0 0.717647 0.291946 0.719328 0.296980 0.721008 0.296980 0.722689 0.298658 0.721008 0.300336 0.721008 0.302013 0.722689 0.302013 0.727731 0.305369 0.736134 0.305369 0.736134 0.302013 0.737815 0.300336 0.749580 0.300336 0.749580 0.298658 0.747899 0.298658 0.746218 0.296980 0.747899 0.295302 0.752941 0.295302 0.754622 0.296980 0.754622 0.298658 0.757983 0.298658 0.759664 0.296980 0.759664 0.295302 0.757983 0.293624 0.749580 0.293624 0.747899 0.291946 0.747899 0.290268 0.746218 0.290268 0.742857 0.293624 0.742857 0.295302 0.744538 0.296980 0.742857 0.298658 0.739496 0.298658 0.737815 0.296980 0.739496 0.295302 0.739496 0.293624 0.737815 0.293624 0.737815 0.295302 0.736134 0.296980 0.732773 0.293624 0.731092 0.293624 0.729412 0.291946 0.726050 0.291946 0.724370 0.290268 0.726050 0.288591 0.726050 0.286913 0.724370 0.286913
0 0.867227 0.208054 0.867227 0.211409 0.872269 0.211409 0.878992 0.214765 0.877311 0.216443 0.873950 0.216443 0.873950 0.219799 0.877311 0.223154 0.877311 0.228188 0.880672 0.231544 0.880672 0.233221 0.887395 0.236577 0.890756 0.241611 0.894118 0.239933 0.897479 0.239933 0.899160 0.241611 0.905882 0.241611 0.905882 0.236577 0.909244 0.234899 0.909244 0.233221 0.907563 0.233221 0.904202 0.229866 0.904202 0.226510 0.900840 0.224832 0.902521 0.221477 0.899160 0.221477 0.897479 0.224832 0.887395 0.224832 0.884034 0.218121 0.885714 0.216443 0.892437 0.216443 0.894118 0.219799 0.895798 0.219799 0.895798 0.218121 0.894118 0.218121 0.890756 0.213087 0.887395 0.214765 0.884034 0.211409 0.880672 0.211409 0.875630 0.208054