0 0.519328 0.828859 0.517647 0.828859 0.517647 0.830537 0.515966 0.832215 0.515966 0.833893 0.519328 0.833893
0 0.497479 0.820470 0.497479 0.822148 0.494118 0.825503 0.494118 0.832215 0.492437 0.833893 0.492437 0.837248 0.494118 0.838926 0.495798 0.838926 0.497479 0.837248 0.499160 0.838926 0.500840 0.838926 0.502521 0.837248 0.507563 0.837248 0.510924 0.833893 0.509244 0.833893 0.507563 0.832215 0.507563 0.830537 0.505882 0.830537 0.504202 0.828859 0.505882 0.827181 0.507563 0.827181 0.509244 0.825503 0.509244 0.823826 0.507563 0.823826 0.504202 0.820470
0 0.524370 0.805369 0.524370 0.807047 0.529412 0.807047 0.531092 0.808725 0.532773 0.808725 0.532773 0.805369
0 0.571429 0.805369 0.566387 0.805369 0.564706 0.803691 0.557983 0.803691 0.556303 0.805369 0.551261 0.805369 0.551261 0.807047 0.546218 0.810403 0.539496 0.810403 0.539496 0.815436 0.537815 0.817114 0.539496 0.817114 0.541176 0.815436 0.542857 0.815436 0.542857 0.813758 0.544538 0.812081 0.549580 0.817114 0.549580 0.818792 0.552941 0.818792 0.554622 0.817114 0.556303 0.817114 0.559664 0.820470 0.563025 0.820470 0.566387 0.815436 0.569748 0.815436 0.571429 0.813758
0 0.546218 0.780201 0.546218 0.781879 0.547899 0.783557 0.544538 0.786913 0.544538 0.788591 0.546218 0.790268 0.549580 0.790268 0.551261 0.791946 0.557983 0.791946 0.559664 0.790268 0.559664 0.788591 0.556303 0.785235 0.556303 0.783557 0.552941 0.783557 0.551261 0.781879 0.551261 0.778523 0.549580 0.778523 0.547899 0.780201
0 0.561345 0.776846 0.561345 0.780201 0.569748 0.780201 0.571429 0.781879 0.571429 0.783557 0.569748 0.785235 0.568067 0.783557 0.564706 0.783557 0.563025 0.785235 0.563025 0.786913 0.569748 0.786913 0.571429 0.785235 0.574790 0.785235 0.574790 0.778523 0.573109 0.778523 0.571429 0.776846
0 0.478992 0.525168 0.478992 0.526846 0.480672 0.528523 0.480672 0.531879 0.482353 0.531879 0.482353 0.528523 0.484034 0.526846 0.485714 0.526846 0.487395 0.528523 0.490756 0.528523 0.490756 0.526846 0.494118 0.523490 0.495798 0.525168 0.495798 0.526846 0.499160 0.526846 0.500840 0.528523 0.504202 0.528523 0.505882 0.526846 0.512605 0.526846 0.512605 0.521812 0.510924 0.521812 0.505882 0.525168 0.504202 0.523490 0.499160 0.523490 0.497479 0.521812 0.495798 0.521812 0.494118 0.520134 0.494118 0.518456 0.487395 0.518456 0.480672 0.525168
0 0.539496 0.511745 0.531092 0.511745 0.531092 0.516779 0.532773 0.518456 0.531092 0.520134 0.529412 0.520134 0.529412 0.523490 0.527731 0.525168 0.526050 0.525168 0.526050 0.528523 0.527731 0.528523 0.529412 0.526846 0.531092 0.526846 0.532773 0.525168 0.536134 0.525168 0.536134 0.521812 0.534454 0.520134 0.536134 0.518456 0.537815 0.518456 0.537815 0.516779 0.539496 0.515101
0 0.527731 0.505034 0.527731 0.506711 0.529412 0.508389 0.532773 0.508389 0.532773 0.506711 0.531092 0.506711 0.529412 0.505034
0 0.485714 0.491611 0.485714 0.493289 0.487395 0.494966 0.485714 0.496644 0.484034 0.496644 0.482353 0.498322 0.480672 0.498322 0.480672 0.500000 0.484034 0.500000 0.485714 0.501678 0.485714 0.503356 0.487395 0.503356 0.489076 0.505034 0.492437 0.505034 0.492437 0.503356 0.490756 0.503356 0.489076 0.501678 0.487395 0.501678 0.485714 0.500000 0.485714 0.496644 0.487395 0.494966 0.492437 0.494966 0.492437 0.491611
0 0.408403 0.526846 0.413445 0.530201 0.413445 0.533557 0.420168 0.533557 0.423529 0.536913 0.430252 0.536913 0.448739 0.526846 0.453782 0.528523 0.450420 0.531879 0.458824 0.531879 0.457143 0.528523 0.467227 0.518456 0.478992 0.515101 0.482353 0.506711 0.470588 0.500000 0.470588 0.505034 0.475630 0.508389 0.472269 0.515101 0.467227 0.511745 0.455462 0.513423 0.458824 0.520134 0.457143 0.521812 0.443697 0.520134 0.440336 0.511745 0.445378 0.510067 0.442017 0.508389 0.436975 0.511745 0.430252 0.506711 0.435294 0.505034 0.438655 0.498322 0.443697 0.500000 0.442017 0.505034 0.452101 0.506711 0.453782 0.501678 0.443697 0.500000 0.440336 0.493289 0.433613 0.491611 0.430252 0.493289 0.431933 0.496644 0.425210 0.500000 0.431933 0.505034 0.420168 0.505034 0.420168 0.508389 0.425210 0.511745 0.416807 0.511745 0.413445 0.516779 0.416807 0.521812 0.410084 0.523490
0 0.337815 0.498322 0.337815 0.500000 0.341176 0.503356 0.344538 0.503356 0.346218 0.505034 0.347899 0.505034 0.349580 0.503356 0.351261 0.503356 0.352941 0.501678 0.356303 0.501678 0.357983 0.500000 0.363025 0.500000 0.363025 0.496644 0.359664 0.496644 0.357983 0.494966 0.356303 0.494966 0.354622 0.493289 0.352941 0.493289 0.349580 0.496644 0.347899 0.494966 0.347899 0.493289 0.349580 0.491611 0.349580 0.489933 0.344538 0.489933 0.342857 0.488255 0.341176 0.488255 0.341176 0.491611 0.339496 0.493289 0.339496 0.496644
0 0.581513 0.484899 0.571429 0.479866 0.569748 0.476510 0.564706 0.476510 0.563025 0.478188 0.559664 0.478188 0.556303 0.476510 0.554622 0.479866 0.554622 0.484899 0.552941 0.486577 0.549580 0.486577 0.546218 0.488255 0.542857 0.494966 0.536134 0.494966 0.537815 0.498322 0.534454 0.500000 0.532773 0.503356 0.536134 0.503356 0.537815 0.500000 0.539496 0.501678 0.542857 0.501678 0.544538 0.498322 0.551261 0.501678 0.556303 0.501678 0.557983 0.503356 0.561345 0.503356 0.563025 0.501678 0.568067 0.501678 0.569748 0.500000 0.573109 0.501678 0.578151 0.501678 0.578151 0.500000 0.576471 0.500000 0.573109 0.496644 0.573109 0.493289 0.574790 0.489933 0.581513 0.486577
0 0.368067 0.468121 0.368067 0.471477 0.373109 0.471477 0.373109 0.469799 0.371429 0.468121
0 0.327731 0.468121 0.327731 0.469799 0.329412 0.469799 0.331092 0.471477 0.332773 0.471477 0.334454 0.473154 0.336134 0.473154 0.337815 0.474832 0.347899 0.474832 0.349580 0.473154 0.351261 0.473154 0.351261 0.471477 0.349580 0.469799 0.349580 0.468121 0.339496 0.468121 0.339496 0.469799 0.337815 0.471477 0.334454 0.471477 0.332773 0.469799 0.334454 0.468121 0.336134 0.468121 0.334454 0.466443 0.329412 0.466443
0 0.507563 0.471477 0.504202 0.471477 0.502521 0.469799 0.500840 0.469799 0.499160 0.468121 0.499160 0.466443 0.497479 0.464765 0.494118 0.464765 0.494118 0.466443 0.492437 0.468121 0.490756 0.466443 0.482353 0.466443 0.480672 0.468121 0.480672 0.469799 0.478992 0.471477 0.478992 0.473154 0.480672 0.473154 0.482353 0.474832 0.482353 0.478188 0.485714 0.478188 0.487395 0.476510 0.489076 0.476510 0.492437 0.479866 0.495798 0.479866 0.497479 0.481544 0.499160 0.481544 0.499160 0.479866 0.502521 0.476510 0.505882 0.476510 0.505882 0.474832 0.507563 0.473154
0 0.509244 0.463087 0.509244 0.464765 0.514286 0.464765 0.514286 0.463087
0 0.391597 0.451342 0.384874 0.447987 0.378151 0.449664 0.374790 0.444631 0.368067 0.444631 0.363025 0.447987 0.363025 0.453020 0.359664 0.454698 0.361345 0.458054 0.359664 0.459732 0.354622 0.458054 0.351261 0.459732 0.349580 0.456376 0.346218 0.456376 0.341176 0.453020 0.334454 0.456376 0.334454 0.458054 0.339496 0.458054 0.341176 0.459732 0.337815 0.461409 0.337815 0.464765 0.339496 0.464765 0.342857 0.459732 0.346218 0.461409 0.366387 0.461409 0.368067 0.458054 0.371429 0.456376 0.371429 0.453020 0.366387 0.451342 0.368067 0.449664 0.376471 0.449664 0.378151 0.453020 0.384874 0.453020 0.386555 0.454698 0.384874 0.459732 0.378151 0.463087 0.378151 0.468121 0.384874 0.469799 0.384874 0.468121 0.388235 0.466443
0 0.416807 0.432886 0.416807 0.434564 0.418487 0.436242 0.418487 0.439597 0.425210 0.439597 0.426891 0.437919 0.426891 0.436242 0.423529 0.432886
0 0.257143 0.369128 0.257143 0.372483 0.262185 0.372483 0.262185 0.370805 0.260504 0.370805 0.258824 0.369128
0 0.285714 0.357383 0.285714 0.359060 0.289076 0.359060 0.290756 0.360738 0.290756 0.362416 0.294118 0.362416 0.295798 0.364094 0.297479 0.364094 0.299160 0.362416 0.299160 0.360738 0.295798 0.360738 0.294118 0.359060 0.294118 0.357383
0 0.307563 0.354027 0.307563 0.355705 0.310924 0.355705 0.310924 0.354027
0 0.191597 0.360738 0.193277 0.375839 0.198319 0.374161 0.200000 0.377517 0.205042 0.377517 0.206723 0.375839 0.213445 0.377517 0.213445 0.375839 0.218487 0.372483 0.220168 0.374161 0.231933 0.374161 0.233613 0.377517 0.228571 0.382550 0.230252 0.387584 0.228571 0.392617 0.235294 0.389262 0.236975 0.392617 0.240336 0.392617 0.245378 0.385906 0.247059 0.390940 0.248739 0.390940 0.248739 0.385906 0.252101 0.380872 0.248739 0.379195 0.248739 0.374161 0.242017 0.370805 0.243697 0.367450 0.238655 0.367450 0.231933 0.364094 0.218487 0.367450 0.216807 0.365772 0.218487 0.362416 0.211765 0.362416 0.210084 0.364094 0.208403 0.362416 0.211765 0.357383 0.208403 0.357383 0.206723 0.354027 0.205042 0.354027 0.205042 0.362416 0.200000 0.365772
0 0.220168 0.345638 0.220168 0.347315 0.223529 0.347315 0.223529 0.345638
0 0.282353 0.325503 0.280672 0.325503 0.278992 0.327181 0.275630 0.327181 0.275630 0.328859 0.277311 0.330537 0.280672 0.330537 0.280672 0.328859 0.282353 0.327181
0 0.300840 0.322148 0.299160 0.322148 0.297479 0.320470 0.294118 0.320470 0.292437 0.322148 0.292437 0.325503 0.290756 0.327181 0.290756 0.330537 0.289076 0.332215 0.289076 0.333893 0.290756 0.333893 0.290756 0.332215 0.292437 0.330537 0.294118 0.330537 0.297479 0.327181 0.300840 0.327181
0 0.278992 0.320470 0.275630 0.320470 0.275630 0.323826 0.277311 0.323826 0.278992 0.322148
0 0.267227 0.315436 0.267227 0.317114 0.265546 0.318792 0.265546 0.320470 0.270588 0.320470 0.272269 0.318792 0.272269 0.317114 0.270588 0.317114 0.268908 0.315436
0 0.272269 0.308725 0.272269 0.313758 0.277311 0.313758 0.278992 0.315436 0.285714 0.315436 0.285714 0.308725 0.280672 0.308725 0.278992 0.310403 0.277311 0.308725
0 0.247059 0.305369 0.240336 0.302013 0.236975 0.303691 0.236975 0.308725 0.238655 0.310403 0.236975 0.313758 0.223529 0.313758 0.223529 0.315436 0.228571 0.318792 0.225210 0.325503 0.215126 0.317114 0.210084 0.317114 0.208403 0.318792 0.200000 0.317114 0.198319 0.320470 0.200000 0.323826 0.198319 0.325503 0.196639 0.323826 0.191597 0.323826 0.186555 0.325503 0.186555 0.328859 0.196639 0.328859 0.198319 0.330537 0.194958 0.332215 0.194958 0.337248 0.196639 0.337248 0.198319 0.333893 0.206723 0.330537 0.206723 0.327181 0.211765 0.323826 0.215126 0.323826 0.218487 0.327181 0.226891 0.327181 0.228571 0.323826 0.233613 0.323826 0.235294 0.320470 0.240336 0.318792 0.245378 0.320470 0.245378 0.318792 0.240336 0.315436 0.240336 0.310403 0.245378 0.308725
0 0.295798 0.298658 0.295798 0.303691 0.294118 0.305369 0.290756 0.305369 0.290756 0.308725 0.295798 0.308725 0.297479 0.310403 0.297479 0.313758 0.300840 0.313758 0.300840 0.312081 0.302521 0.310403 0.302521 0.308725 0.300840 0.307047 0.302521 0.305369 0.304202 0.305369 0.304202 0.300336 0.300840 0.300336 0.299160 0.298658
0 0.236975 0.290268 0.236975 0.295302 0.238655 0.295302 0.240336 0.293624 0.243697 0.293624 0.245378 0.295302 0.247059 0.295302 0.250420 0.298658 0.252101 0.298658 0.253782 0.300336 0.257143 0.300336 0.258824 0.302013 0.260504 0.302013 0.262185 0.300336 0.263866 0.302013 0.268908 0.302013 0.270588 0.300336 0.270588 0.298658 0.267227 0.298658 0.265546 0.296980 0.263866 0.296980 0.262185 0.295302 0.258824 0.295302 0.257143 0.293624 0.255462 0.293624 0.253782 0.291946 0.248739 0.291946 0.245378 0.288591 0.242017 0.288591 0.240336 0.290268
0 0.213445 0.288591 0.213445 0.291946 0.216807 0.291946 0.216807 0.288591
0 0.226891 0.283557 0.226891 0.285235 0.225210 0.286913 0.225210 0.288591 0.226891 0.288591 0.228571 0.290268 0.228571 0.291946 0.230252 0.291946 0.231933 0.290268 0.231933 0.288591 0.230252 0.288591 0.228571 0.286913 0.230252 0.285235 0.230252 0.283557
0 0.406723 0.229866 0.406723 0.231544 0.408403 0.231544 0.410084 0.233221 0.411765 0.233221 0.411765 0.228188 0.410084 0.228188 0.408403 0.229866
0 0.403361 0.228188 0.401681 0.228188 0.400000 0.229866 0.400000 0.231544 0.403361 0.231544
0 0.401681 0.219799 0.401681 0.221477 0.405042 0.221477 0.405042 0.219799
0 0.408403 0.219799 0.408403 0.224832 0.416807 0.224832 0.418487 0.223154 0.420168 0.224832 0.425210 0.224832 0.425210 0.223154 0.421849 0.219799 0.421849 0.218121 0.415126 0.218121 0.413445 0.219799
0 0.378151 0.214765 0.378151 0.216443 0.379832 0.218121 0.381513 0.218121 0.383193 0.216443 0.386555 0.216443 0.386555 0.213087 0.379832 0.213087
0 0.470588 0.228188 0.468908 0.238255 0.475630 0.239933 0.477311 0.236577 0.480672 0.239933 0.478992 0.243289 0.480672 0.248322 0.485714 0.250000 0.484034 0.253356 0.492437 0.255034 0.500840 0.261745 0.512605 0.258389 0.517647 0.265101 0.524370 0.265101 0.524370 0.260067 0.527731 0.255034 0.526050 0.251678 0.527731 0.244966 0.522689 0.234899 0.519328 0.233221 0.524370 0.219799 0.514286 0.209732 0.502521 0.211409 0.502521 0.214765 0.509244 0.213087 0.519328 0.224832 0.514286 0.228188 0.515966 0.229866 0.514286 0.231544 0.509244 0.231544 0.504202 0.238255 0.499160 0.241611 0.494118 0.241611 0.492437 0.246644 0.489076 0.246644 0.485714 0.241611 0.492437 0.236577 0.482353 0.238255 0.475630 0.233221 0.477311 0.228188
0 0.457143 0.211409 0.457143 0.213087 0.458824 0.214765 0.457143 0.216443 0.457143 0.218121 0.458824 0.218121 0.460504 0.219799 0.460504 0.221477 0.463866 0.221477 0.465546 0.219799 0.467227 0.219799 0.468908 0.221477 0.472269 0.221477 0.472269 0.218121 0.470588 0.218121 0.467227 0.214765 0.467227 0.213087 0.465546 0.213087 0.463866 0.211409 0.463866 0.209732 0.462185 0.209732 0.460504 0.211409
0 0.440336 0.203020 0.442017 0.203020 0.443697 0.201342 0.450420 0.201342 0.450420 0.197987 0.448739 0.196309 0.447059 0.196309 0.445378 0.194631 0.443697 0.194631 0.443697 0.197987 0.440336 0.201342
0 0.411765 0.151007 0.411765 0.154362 0.415126 0.154362 0.416807 0.152685 0.416807 0.151007
0 0.031933 0.151007 0.031933 0.154362 0.033613 0.154362 0.033613 0.151007
0 0.006723 0.145973 0.001681 0.145973 0.000000 0.147651 0.000000 0.149329 0.001681 0.151007 0.001681 0.152685 0.000000 0.154362 0.000000 0.172819 0.003361 0.172819 0.003361 0.171141 0.008403 0.167785 0.010084 0.169463 0.013445 0.169463 0.015126 0.167785 0.016807 0.167785 0.016807 0.166107 0.015126 0.164430 0.016807 0.162752 0.016807 0.161074 0.013445 0.156040 0.013445 0.154362 0.015126 0.152685 0.015126 0.151007 0.011765 0.151007 0.010084 0.152685 0.005042 0.152685 0.003361 0.151007 0.003361 0.149329 0.005042 0.147651 0.006723 0.147651
0 0.060504 0.142617 0.060504 0.145973 0.058824 0.147651 0.057143 0.147651 0.055462 0.149329 0.053782 0.149329 0.052101 0.151007 0.052101 0.154362 0.053782 0.154362 0.055462 0.156040 0.057143 0.156040 0.058824 0.157718 0.060504 0.157718 0.062185 0.159396 0.063866 0.159396 0.063866 0.157718 0.065546 0.156040 0.065546 0.154362 0.067227 0.152685 0.067227 0.147651 0.065546 0.145973 0.065546 0.142617
0 0.073950 0.137584 0.080672 0.137584 0.080672 0.135906 0.082353 0.134228 0.082353 0.132550 0.073950 0.132550
0 0.075630 0.097315 0.073950 0.098993 0.073950 0.100671 0.078992 0.100671 0.080672 0.102349 0.078992 0.104027 0.078992 0.107383 0.077311 0.109060 0.077311 0.110738 0.080672 0.110738 0.080672 0.109060 0.082353 0.107383 0.084034 0.109060 0.084034 0.112416 0.085714 0.112416 0.085714 0.110738 0.087395 0.109060 0.087395 0.107383 0.085714 0.105705 0.085714 0.104027 0.084034 0.104027 0.082353 0.102349 0.084034 0.100671 0.084034 0.098993 0.078992 0.098993 0.077311 0.097315
0 0.141176 0.072148 0.139496 0.077181 0.129412 0.083893 0.134454 0.087248 0.134454 0.092282 0.146218 0.097315 0.142857 0.098993 0.146218 0.104027 0.144538 0.105705 0.137815 0.102349 0.136134 0.105705 0.126050 0.107383 0.124370 0.100671 0.129412 0.097315 0.121008 0.098993 0.119328 0.093960 0.112605 0.093960 0.112605 0.097315 0.121008 0.100671 0.121008 0.105705 0.115966 0.107383 0.119328 0.112416 0.114286 0.117450 0.114286 0.125839 0.121008 0.127517 0.121008 0.135906 0.117647 0.137584 0.119328 0.140940 0.126050 0.137584 0.126050 0.132550 0.136134 0.124161 0.142857 0.127517 0.146218 0.120805 0.154622 0.119128 0.159664 0.112416 0.156303 0.109060 0.159664 0.105705 0.164706 0.107383 0.164706 0.102349 0.154622 0.097315 0.159664 0.088926 0.156303 0.083893 0.151261 0.083893 0.152941 0.092282 0.149580 0.095638 0.137815 0.092282 0.136134 0.085570 0.142857 0.085570 0.139496 0.080537 0.151261 0.078859 0.146218 0.075503 0.142857 0.077181
0 0.139496 0.045302 0.139496 0.048658 0.142857 0.048658 0.142857 0.045302
0 0.099160 0.033557 0.097479 0.033557 0.097479 0.035235 0.095798 0.036913 0.094118 0.036913 0.094118 0.038591 0.095798 0.040268 0.095798 0.041946 0.099160 0.041946 0.100840 0.040268 0.102521 0.040268 0.102521 0.038591 0.100840 0.036913 0.100840 0.035235
0 0.067227 0.033557 0.067227 0.035235 0.070588 0.035235 0.070588 0.033557
0 0.114286 0.031879 0.114286 0.033557 0.115966 0.035235 0.117647 0.040268 0.119328 0.040268 0.121008 0.041946 0.119328 0.043624 0.117647 0.043624 0.114286 0.048658 0.112605 0.048658 0.110924 0.050336 0.107563 0.050336 0.107563 0.052013 0.109244 0.053691 0.112605 0.053691 0.112605 0.052013 0.114286 0.050336 0.115966 0.052013 0.117647 0.052013 0.117647 0.050336 0.115966 0.048658 0.117647 0.046980 0.119328 0.046980 0.121008 0.048658 0.121008 0.050336 0.122689 0.052013 0.122689 0.055369 0.124370 0.055369 0.129412 0.052013 0.132773 0.052013 0.132773 0.050336 0.129412 0.050336 0.127731 0.048658 0.127731 0.043624 0.129412 0.041946 0.131092 0.043624 0.132773 0.043624 0.132773 0.041946 0.131092 0.041946 0.127731 0.038591 0.126050 0.038591 0.124370 0.036913 0.124370 0.035235 0.122689 0.035235 0.121008 0.033557 0.121008 0.031879
0 0.099160 0.026846 0.099160 0.021812 0.097479 0.020134 0.097479 0.018456 0.095798 0.018456 0.094118 0.016779 0.084034 0.020134 0.084034 0.021812 0.085714 0.023490 0.085714 0.025168 0.084034 0.026846 0.078992 0.026846 0.077311 0.025168 0.073950 0.025168 0.072269 0.023490 0.072269 0.021812 0.070588 0.021812 0.068908 0.020134 0.068908 0.018456 0.063866 0.018456 0.063866 0.020134 0.065546 0.020134 0.067227 0.021812 0.065546 0.023490 0.065546 0.025168 0.072269 0.025168 0.075630 0.028523 0.075630 0.033557 0.077311 0.033557 0.078992 0.031879 0.082353 0.031879 0.084034 0.030201 0.087395 0.030201 0.087395 0.028523 0.090756 0.025168 0.094118 0.025168 0.095798 0.026846 0.094118 0.028523 0.094118 0.030201 0.097479 0.030201 0.097479 0.028523
0 0.060504 0.016779 0.057143 0.016779 0.057143 0.020134 0.058824 0.020134 0.060504 0.018456