0 0.829125 0.528523 0.005051 0.006711
0 0.799663 0.531879 0.006734 0.013423
0 0.829125 0.521812 0.005051 0.003356
0 0.835017 0.520973 0.003367 0.005034
0 0.544613 0.463926 0.008418 0.011745
0 0.486532 0.161074 0.013468 0.006711
0 0.500000 0.158557 0.003367 0.005034
0 0.534512 0.156040 0.005051 0.003356
0 0.514310 0.154362 0.015152 0.013423
0 0.537037 0.144295 0.013468 0.010067
0 0.522727 0.140101 0.008418 0.008389
0 0.500000 0.140101 0.010101 0.008389
0 0.511785 0.137584 0.010101 0.006711
0 0.430135 0.132550 0.008418 0.006711
0 0.521886 0.121644 0.010101 0.008389
0 0.440236 0.117450 0.028620 0.020134
0 0.493266 0.110738 0.006734 0.010067
0 0.535354 0.109060 0.016835 0.013423
0 0.508418 0.102349 0.010101 0.010067
0 0.495791 0.099832 0.015152 0.008389