0 0.504202 0.523490 0.504202 0.526846 0.509244 0.526846 0.510924 0.525168 0.509244 0.523490
0 0.477311 0.506711 0.477311 0.508389 0.478992 0.510067 0.478992 0.511745 0.477311 0.513423 0.477311 0.515101 0.478992 0.515101 0.480672 0.516779 0.480672 0.520134 0.478992 0.521812 0.475630 0.521812 0.477311 0.521812 0.478992 0.523490 0.487395 0.523490 0.487395 0.521812 0.489076 0.520134 0.492437 0.525168 0.495798 0.525168 0.495798 0.523490 0.494118 0.521812 0.495798 0.520134 0.495798 0.518456 0.494118 0.518456 0.494118 0.520134 0.492437 0.521812 0.489076 0.516779 0.490756 0.515101 0.489076 0.515101 0.487395 0.513423 0.490756 0.510067 0.490756 0.508389 0.485714 0.508389 0.484034 0.510067 0.482353 0.508389 0.482353 0.506711
0 0.455462 0.484899 0.455462 0.489933 0.457143 0.491611 0.452101 0.496644 0.452101 0.498322 0.453782 0.500000 0.453782 0.501678 0.458824 0.501678 0.460504 0.503356 0.460504 0.505034 0.462185 0.505034 0.465546 0.508389 0.470588 0.508389 0.472269 0.506711 0.472269 0.505034 0.470588 0.503356 0.467227 0.503356 0.465546 0.501678 0.467227 0.500000 0.467227 0.498322 0.465546 0.498322 0.463866 0.496644 0.463866 0.494966 0.462185 0.493289 0.462185 0.491611 0.460504 0.489933 0.460504 0.488255 0.458824 0.486577 0.458824 0.484899
0 0.499160 0.474832 0.499160 0.476510 0.505882 0.476510 0.505882 0.474832
0 0.480672 0.463087 0.477311 0.463087 0.475630 0.464765 0.472269 0.464765 0.472269 0.466443 0.470588 0.468121 0.468908 0.468121 0.467227 0.466443 0.465546 0.466443 0.465546 0.468121 0.467227 0.469799 0.470588 0.469799 0.470588 0.468121 0.472269 0.466443 0.473950 0.468121 0.473950 0.469799 0.475630 0.469799 0.475630 0.468121 0.477311 0.466443 0.480672 0.466443
0 0.280672 0.271812 0.277311 0.271812 0.275630 0.273490 0.275630 0.275168 0.278992 0.275168 0.280672 0.273490
0 0.480672 0.238255 0.485714 0.238255 0.492437 0.241611 0.502521 0.241611 0.507563 0.248322 0.517647 0.248322 0.522689 0.243289 0.532773 0.243289 0.531092 0.239933 0.534454 0.236577 0.536134 0.238255 0.539496 0.238255 0.541176 0.234899 0.539496 0.231544 0.536134 0.229866 0.531092 0.229866 0.526050 0.239933 0.522689 0.236577 0.522689 0.233221 0.521008 0.231544 0.517647 0.233221 0.512605 0.233221 0.510924 0.231544 0.512605 0.228188 0.509244 0.224832 0.500840 0.224832 0.500840 0.226510 0.497479 0.229866 0.492437 0.228188 0.487395 0.231544 0.484034 0.231544 0.484034 0.233221 0.487395 0.234899 0.485714 0.236577 0.480672 0.236577
0 0.489076 0.218121 0.489076 0.221477 0.494118 0.221477 0.494118 0.219799 0.492437 0.218121
0 0.468908 0.218121 0.468908 0.219799 0.470588 0.221477 0.472269 0.221477 0.473950 0.219799 0.477311 0.219799 0.477311 0.218121 0.475630 0.218121 0.473950 0.216443 0.472269 0.216443 0.470588 0.218121
0 0.465546 0.208054 0.460504 0.208054 0.458824 0.209732 0.458824 0.211409 0.457143 0.213087 0.455462 0.213087 0.453782 0.214765 0.453782 0.218121 0.457143 0.218121 0.458824 0.216443 0.458824 0.213087 0.460504 0.211409 0.463866 0.211409 0.465546 0.209732
0 0.462185 0.201342 0.462185 0.203020 0.467227 0.203020 0.468908 0.204698 0.470588 0.204698 0.470588 0.203020 0.468908 0.203020 0.467227 0.201342
0 0.490756 0.196309 0.490756 0.197987 0.492437 0.197987 0.494118 0.199664 0.495798 0.199664 0.495798 0.197987 0.494118 0.196309
0 0.457143 0.171141 0.455462 0.171141 0.453782 0.172819 0.447059 0.172819 0.445378 0.174497 0.445378 0.182886 0.448739 0.182886 0.450420 0.184564 0.450420 0.186242 0.448739 0.187919 0.448739 0.189597 0.450420 0.191275 0.452101 0.191275 0.453782 0.192953 0.453782 0.194631 0.452101 0.196309 0.452101 0.197987 0.458824 0.197987 0.458824 0.196309 0.460504 0.194631 0.462185 0.194631 0.462185 0.191275 0.460504 0.191275 0.458824 0.189597 0.458824 0.186242 0.457143 0.186242 0.455462 0.184564 0.455462 0.181208 0.457143 0.179530 0.457143 0.176174 0.458824 0.174497 0.460504 0.174497 0.460504 0.172819 0.458824 0.172819
0 0.976471 0.167785 0.974790 0.166107 0.973109 0.166107 0.971429 0.167785 0.971429 0.171141 0.973109 0.171141 0.974790 0.169463 0.976471 0.169463
0 0.468908 0.162752 0.468908 0.164430 0.472269 0.164430 0.472269 0.162752
0 0.537815 0.055369 0.537815 0.057047 0.539496 0.058725 0.542857 0.058725 0.542857 0.057047 0.541176 0.055369
0 0.610084 0.057047 0.608403 0.057047 0.605042 0.052013 0.601681 0.053691 0.600000 0.050336 0.596639 0.050336 0.594958 0.046980 0.589916 0.046980 0.589916 0.048658 0.593277 0.048658 0.594958 0.050336 0.594958 0.052013 0.591597 0.053691 0.593277 0.057047 0.591597 0.058725 0.588235 0.058725 0.586555 0.062081 0.581513 0.062081 0.578151 0.063758 0.574790 0.070470 0.573109 0.070470 0.569748 0.065436 0.563025 0.062081 0.552941 0.062081 0.551261 0.065436 0.556303 0.065436 0.557983 0.068792 0.571429 0.068792 0.573109 0.070470 0.571429 0.072148 0.571429 0.075503 0.574790 0.075503 0.581513 0.072148 0.584874 0.072148 0.588235 0.075503 0.591597 0.075503 0.591597 0.072148 0.598319 0.067114 0.601681 0.067114 0.603361 0.070470 0.608403 0.068792 0.606723 0.065436 0.610084 0.063758
0 0.547899 0.038591 0.546218 0.038591 0.544538 0.036913 0.542857 0.036913 0.541176 0.038591 0.539496 0.036913 0.532773 0.036913 0.531092 0.038591 0.527731 0.038591 0.527731 0.040268 0.526050 0.041946 0.524370 0.041946 0.522689 0.043624 0.521008 0.043624 0.521008 0.046980 0.522689 0.046980 0.524370 0.048658 0.526050 0.048658 0.527731 0.050336 0.527731 0.052013 0.529412 0.052013 0.531092 0.053691 0.532773 0.053691 0.534454 0.052013 0.534454 0.050336 0.531092 0.046980 0.531092 0.043624 0.532773 0.041946 0.537815 0.041946 0.539496 0.043624 0.539496 0.045302 0.542857 0.045302 0.542857 0.041946 0.544538 0.040268 0.547899 0.040268
0 0.847059 0.006711 0.847059 0.010067 0.848739 0.010067 0.850420 0.008389 0.852101 0.008389 0.853782 0.010067 0.855462 0.010067 0.855462 0.008389 0.853782 0.006711