0 0.575630 0.541176 0.021849 0.010084
0 0.542017 0.536134 0.008403 0.006723
0 0.508403 0.536134 0.008403 0.006723
0 0.493277 0.526050 0.011765 0.006723
0 0.573109 0.512605 0.016807 0.020168
0 0.438655 0.471429 0.006723 0.008403
0 0.505882 0.324370 0.016807 0.013445
0 0.814286 0.165546 0.005042 0.005042
0 0.182353 0.140336 0.008403 0.008403
0 0.610084 0.110924 0.006723 0.003361
0 0.605042 0.094118 0.006723 0.003361
0 0.787395 0.090756 0.008403 0.010084
0 0.519328 0.078992 0.006723 0.010084
0 0.768908 0.068908 0.005042 0.003361
0 0.772269 0.063025 0.005042 0.005042
0 0.610924 0.044538 0.008403 0.005042