0 0.510924 0.528523 0.013445 0.006711
0 0.436134 0.500839 0.011765 0.011745
0 0.488235 0.489094 0.005042 0.005034
0 0.469748 0.505034 0.042017 0.040268
0 0.481513 0.479866 0.005042 0.003356
0 0.504202 0.474832 0.006723 0.003356
0 0.472269 0.466443 0.013445 0.006711
0 0.510924 0.243289 0.013445 0.010067
0 0.532773 0.238255 0.023529 0.016779
0 0.497479 0.234060 0.030252 0.018456
0 0.476471 0.219799 0.005042 0.003356
0 0.457143 0.217282 0.006723 0.005034
0 0.466387 0.214765 0.008403 0.010067
0 0.461345 0.208893 0.005042 0.005034
0 0.491597 0.197148 0.008403 0.008389
0 0.459664 0.197987 0.015126 0.013423
0 0.450420 0.177852 0.013445 0.013423
0 0.578992 0.052013 0.005042 0.003356
0 0.586555 0.065436 0.057143 0.036913
0 0.542857 0.039430 0.010084 0.005034
0 0.531092 0.047819 0.020168 0.021812