0 0.939496 0.991611 0.939496 0.993289 0.942857 0.993289 0.942857 0.991611
0 0.727731 0.946309 0.727731 0.947987 0.731092 0.947987 0.731092 0.946309
0 0.877311 0.890940 0.877311 0.894295 0.880672 0.894295 0.880672 0.892617 0.878992 0.890940
0 0.747899 0.453020 0.744538 0.453020 0.744538 0.456376 0.746218 0.456376 0.747899 0.454698
0 0.761345 0.451342 0.761345 0.454698 0.763025 0.454698 0.764706 0.456376 0.764706 0.459732 0.763025 0.461409 0.761345 0.461409 0.761345 0.463087 0.763025 0.463087 0.764706 0.461409 0.766387 0.461409 0.766387 0.456376 0.764706 0.456376 0.763025 0.454698 0.763025 0.451342
0 0.754622 0.451342 0.754622 0.453020 0.757983 0.453020 0.757983 0.451342
0 0.717647 0.421141 0.717647 0.422819 0.719328 0.424497 0.719328 0.426174 0.721008 0.426174 0.722689 0.424497 0.724370 0.424497 0.724370 0.421141
0 0.737815 0.407718 0.737815 0.412752 0.741176 0.412752 0.741176 0.411074 0.742857 0.409396 0.742857 0.407718
0 0.648739 0.401007 0.653782 0.401007 0.655462 0.399329 0.648739 0.399329
0 0.726050 0.394295 0.724370 0.395973 0.724370 0.397651 0.726050 0.399329 0.726050 0.401007 0.727731 0.401007 0.729412 0.399329 0.731092 0.399329 0.732773 0.401007 0.731092 0.402685 0.731092 0.404362 0.732773 0.404362 0.734454 0.402685 0.734454 0.401007 0.732773 0.401007 0.731092 0.399329 0.734454 0.395973 0.736134 0.395973 0.736134 0.394295
0 0.710924 0.394295 0.710924 0.395973 0.714286 0.399329 0.714286 0.401007 0.717647 0.401007 0.719328 0.402685 0.721008 0.402685 0.721008 0.401007 0.719328 0.401007 0.715966 0.397651 0.715966 0.394295
0 0.675630 0.387584 0.675630 0.389262 0.678992 0.389262 0.678992 0.387584
0 0.660504 0.385906 0.660504 0.387584 0.662185 0.389262 0.663866 0.389262 0.663866 0.385906
0 0.731092 0.382550 0.731092 0.384228 0.732773 0.385906 0.737815 0.385906 0.737815 0.382550
0 0.630252 0.379195 0.635294 0.379195 0.635294 0.375839 0.636975 0.374161 0.643697 0.374161 0.645378 0.375839 0.645378 0.379195 0.647059 0.379195 0.648739 0.377517 0.650420 0.377517 0.650420 0.374161 0.648739 0.374161 0.647059 0.372483 0.642017 0.372483 0.640336 0.370805 0.638655 0.370805 0.636975 0.369128 0.635294 0.369128 0.635294 0.372483 0.636975 0.374161 0.635294 0.375839 0.631933 0.375839 0.630252 0.377517
0 0.631933 0.367450 0.628571 0.367450 0.628571 0.370805 0.630252 0.370805 0.631933 0.369128
0 0.616807 0.365772 0.618487 0.367450 0.618487 0.369128 0.621849 0.369128 0.621849 0.365772
0 0.613445 0.364094 0.605042 0.364094 0.603361 0.365772 0.594958 0.365772 0.594958 0.367450 0.598319 0.367450 0.600000 0.369128 0.605042 0.369128 0.605042 0.367450 0.606723 0.365772 0.608403 0.365772 0.610084 0.367450 0.611765 0.367450 0.613445 0.365772
0 0.569748 0.355705 0.569748 0.357383 0.571429 0.359060 0.571429 0.360738 0.573109 0.360738 0.574790 0.362416 0.574790 0.365772 0.576471 0.365772 0.578151 0.364094 0.579832 0.364094 0.581513 0.365772 0.588235 0.365772 0.588235 0.362416 0.581513 0.362416 0.579832 0.360738 0.578151 0.360738 0.576471 0.362416 0.574790 0.362416 0.573109 0.360738 0.573109 0.359060 0.574790 0.357383 0.574790 0.355705
0 0.556303 0.348993 0.556303 0.350671 0.559664 0.350671 0.561345 0.352349 0.566387 0.352349 0.566387 0.350671 0.563025 0.350671 0.561345 0.348993 0.561345 0.347315 0.559664 0.347315 0.557983 0.348993
0 0.489076 0.364094 0.499160 0.369128 0.502521 0.369128 0.502521 0.365772 0.504202 0.364094 0.514286 0.362416 0.514286 0.359060 0.510924 0.359060 0.507563 0.354027 0.509244 0.352349 0.512605 0.352349 0.514286 0.354027 0.517647 0.354027 0.519328 0.352349 0.531092 0.354027 0.532773 0.350671 0.534454 0.352349 0.537815 0.352349 0.542857 0.348993 0.544538 0.350671 0.551261 0.350671 0.551261 0.348993 0.547899 0.345638 0.539496 0.345638 0.537815 0.348993 0.524370 0.348993 0.521008 0.350671 0.519328 0.348993 0.521008 0.345638 0.515966 0.345638 0.514286 0.347315 0.510924 0.345638 0.509244 0.347315 0.505882 0.347315 0.504202 0.343960 0.500840 0.343960 0.499160 0.345638 0.500840 0.355705 0.507563 0.359060 0.504202 0.362416 0.499160 0.362416 0.497479 0.364094 0.495798 0.362416 0.492437 0.362416