0 0.637815 0.877517 0.005042 0.003356
0 0.715966 0.470638 0.010084 0.005034
0 0.749580 0.453020 0.006723 0.006711
0 0.733613 0.402685 0.005042 0.003356
0 0.652101 0.398490 0.006723 0.005034
0 0.721008 0.397651 0.020168 0.013423
0 0.688235 0.390940 0.008403 0.006711
0 0.678992 0.388423 0.006723 0.005034
0 0.646218 0.374161 0.018487 0.010067
0 0.632773 0.369966 0.005042 0.005034
0 0.622689 0.365772 0.005042 0.003356
0 0.608403 0.366611 0.020168 0.008389
0 0.589076 0.365772 0.015126 0.010067
0 0.573950 0.357383 0.008403 0.006711
0 0.525210 0.354866 0.082353 0.028523