0 0.473950 0.523490 0.473950 0.525168 0.477311 0.525168 0.477311 0.523490
0 0.462185 0.510067 0.462185 0.511745 0.465546 0.511745 0.465546 0.510067
0 0.468908 0.506711 0.468908 0.510067 0.472269 0.510067 0.473950 0.511745 0.475630 0.511745 0.477311 0.510067 0.478992 0.510067 0.478992 0.508389 0.477311 0.506711
0 0.436975 0.484899 0.436975 0.486577 0.438655 0.488255 0.447059 0.488255 0.447059 0.484899
0 0.556303 0.258389 0.556303 0.260067 0.561345 0.260067 0.561345 0.258389
0 0.544538 0.255034 0.544538 0.256711 0.547899 0.256711 0.547899 0.255034
0 0.576471 0.250000 0.573109 0.250000 0.573109 0.255034 0.571429 0.256711 0.569748 0.256711 0.568067 0.258389 0.568067 0.260067 0.571429 0.263423 0.573109 0.263423 0.573109 0.261745 0.574790 0.260067 0.574790 0.258389 0.576471 0.256711 0.578151 0.256711 0.578151 0.253356 0.576471 0.251678
0 0.561345 0.231544 0.561345 0.236577 0.566387 0.236577 0.568067 0.238255 0.573109 0.238255 0.574790 0.239933 0.573109 0.241611 0.573109 0.243289 0.576471 0.243289 0.576471 0.241611 0.578151 0.239933 0.579832 0.241611 0.579832 0.243289 0.581513 0.243289 0.581513 0.241611 0.579832 0.241611 0.578151 0.239933 0.578151 0.238255 0.576471 0.238255 0.573109 0.234899 0.571429 0.234899 0.569748 0.233221 0.564706 0.233221 0.563025 0.231544
0 0.450420 0.191275 0.452101 0.192953 0.452101 0.194631 0.455462 0.194631 0.455462 0.192953 0.453782 0.191275
0 0.613445 0.075503 0.613445 0.077181 0.615126 0.077181 0.618487 0.080537 0.618487 0.083893 0.621849 0.083893 0.621849 0.080537 0.620168 0.078859 0.620168 0.077181 0.616807 0.077181 0.615126 0.075503
0 0.581513 0.030201 0.581513 0.031879 0.583193 0.031879 0.584874 0.033557 0.584874 0.035235 0.596639 0.035235 0.598319 0.036913 0.600000 0.036913 0.600000 0.033557 0.596639 0.033557 0.594958 0.031879 0.594958 0.030201 0.588235 0.030201 0.588235 0.031879 0.586555 0.033557 0.584874 0.033557 0.583193 0.031879 0.583193 0.030201