0 0.536134 0.533557 0.010084 0.006711
0 0.531933 0.526846 0.005042 0.003356
0 0.539496 0.518456 0.006723 0.006711
0 0.499160 0.520134 0.050420 0.030201
0 0.559664 0.510906 0.013445 0.015101
0 0.542857 0.503356 0.006723 0.003356
0 0.551261 0.500839 0.006723 0.005034
0 0.519328 0.499161 0.016807 0.015101
0 0.491597 0.479866 0.005042 0.003356
0 0.459664 0.492450 0.028571 0.028523
0 0.477311 0.478188 0.016807 0.006711
0 0.502521 0.473993 0.006723 0.005034
0 0.461345 0.468121 0.005042 0.003356
0 0.473109 0.468121 0.011765 0.006711
0 0.279832 0.276846 0.005042 0.003356
0 0.512605 0.227349 0.010084 0.008389
0 0.494958 0.220638 0.008403 0.008389
0 0.467227 0.214765 0.023529 0.013423
0 0.503361 0.206376 0.015126 0.010067
0 0.488235 0.194631 0.011765 0.006711
0 0.463025 0.195470 0.011765 0.011745
0 0.508403 0.189597 0.005042 0.003356
0 0.460504 0.179530 0.013445 0.010067
0 0.473109 0.163591 0.005042 0.005034
0 0.551261 0.052852 0.010084 0.008389
0 0.574790 0.058725 0.036975 0.026846
0 0.532773 0.043624 0.010084 0.006711
0 0.851261 0.010067 0.005042 0.003356