0 0.458824 0.793277 0.458824 0.794958 0.462185 0.794958 0.462185 0.793277
0 0.457143 0.781513 0.457143 0.783193 0.460504 0.783193 0.460504 0.781513
0 0.566387 0.542857 0.569748 0.542857 0.571429 0.544538 0.576471 0.544538 0.578151 0.542857 0.581513 0.542857 0.583193 0.541176 0.584874 0.541176 0.584874 0.539496 0.583193 0.537815 0.583193 0.532773 0.579832 0.532773 0.578151 0.534454 0.576471 0.534454 0.574790 0.532773 0.569748 0.532773 0.569748 0.536134 0.568067 0.537815 0.568067 0.539496 0.566387 0.541176
0 0.541176 0.532773 0.541176 0.534454 0.542857 0.534454 0.544538 0.536134 0.547899 0.536134 0.549580 0.534454 0.549580 0.532773
0 0.505882 0.531092 0.505882 0.534454 0.507563 0.536134 0.509244 0.536134 0.510924 0.534454 0.512605 0.534454 0.512605 0.532773 0.510924 0.531092
0 0.490756 0.526050 0.490756 0.527731 0.497479 0.527731 0.497479 0.526050 0.495798 0.524370 0.492437 0.524370
0 0.564706 0.521008 0.569748 0.521008 0.571429 0.522689 0.574790 0.522689 0.574790 0.521008 0.579832 0.515966 0.581513 0.515966 0.581513 0.514286 0.583193 0.512605 0.583193 0.510924 0.579832 0.510924 0.578151 0.509244 0.573109 0.509244 0.571429 0.507563 0.568067 0.507563 0.566387 0.505882 0.564706 0.505882 0.566387 0.507563 0.566387 0.515966 0.564706 0.517647
0 0.436975 0.467227 0.436975 0.468908 0.435294 0.470588 0.435294 0.472269 0.440336 0.472269 0.440336 0.468908 0.438655 0.467227
0 0.571429 0.305882 0.571429 0.307563 0.574790 0.307563 0.574790 0.305882
0 0.806723 0.176471 0.806723 0.178151 0.808403 0.179832 0.811765 0.179832 0.811765 0.178151 0.810084 0.178151 0.808403 0.176471
0 0.845378 0.171429 0.845378 0.173109 0.853782 0.173109 0.853782 0.171429 0.852101 0.169748 0.847059 0.169748
0 0.784874 0.087395 0.784874 0.092437 0.786555 0.094118 0.788235 0.094118 0.789916 0.092437 0.791597 0.092437 0.791597 0.087395