0 0.477311 0.505034 0.473950 0.505034 0.473950 0.506711 0.472269 0.508389 0.468908 0.508389 0.467227 0.510067 0.465546 0.508389 0.462185 0.508389 0.462185 0.511745 0.463866 0.513423 0.467227 0.513423 0.467227 0.511745 0.468908 0.510067 0.475630 0.510067 0.475630 0.508389 0.477311 0.506711
0 0.438655 0.486577 0.438655 0.488255 0.436975 0.489933 0.436975 0.491611 0.438655 0.493289 0.438655 0.494966 0.440336 0.496644 0.440336 0.498322 0.442017 0.500000 0.443697 0.500000 0.447059 0.503356 0.447059 0.505034 0.448739 0.505034 0.448739 0.501678 0.447059 0.500000 0.448739 0.498322 0.448739 0.496644 0.447059 0.496644 0.442017 0.491611 0.443697 0.489933 0.445378 0.489933 0.447059 0.488255 0.448739 0.489933 0.452101 0.489933 0.452101 0.488255 0.448739 0.488255 0.447059 0.486577
0 0.522689 0.251678 0.522689 0.255034 0.524370 0.256711 0.527731 0.256711 0.529412 0.255034 0.536134 0.255034 0.536134 0.253356 0.532773 0.253356 0.531092 0.251678
0 0.505882 0.244966 0.504202 0.244966 0.502521 0.246644 0.502521 0.248322 0.505882 0.248322
0 0.529412 0.244966 0.527731 0.244966 0.526050 0.243289 0.524370 0.243289 0.522689 0.244966 0.521008 0.244966 0.519328 0.246644 0.519328 0.248322 0.527731 0.248322 0.529412 0.246644
0 0.473950 0.234899 0.472269 0.234899 0.470588 0.236577 0.465546 0.236577 0.463866 0.238255 0.462185 0.238255 0.462185 0.239933 0.463866 0.241611 0.463866 0.243289 0.465546 0.243289 0.465546 0.241611 0.467227 0.239933 0.470588 0.239933 0.472269 0.238255 0.473950 0.238255
0 0.551261 0.231544 0.552941 0.234899 0.556303 0.234899 0.557983 0.236577 0.566387 0.236577 0.571429 0.243289 0.568067 0.246644 0.563025 0.246644 0.563025 0.248322 0.564706 0.248322 0.566387 0.251678 0.569748 0.253356 0.568067 0.255034 0.557983 0.256711 0.556303 0.260067 0.559664 0.260067 0.561345 0.258389 0.568067 0.258389 0.569748 0.256711 0.578151 0.256711 0.579832 0.255034 0.583193 0.255034 0.586555 0.261745 0.591597 0.260067 0.591597 0.258389 0.588235 0.256711 0.589916 0.250000 0.588235 0.246644 0.583193 0.243289 0.583193 0.239933 0.579832 0.241611 0.576471 0.236577 0.569748 0.236577 0.566387 0.233221 0.561345 0.233221 0.559664 0.231544
0 0.542857 0.229866 0.541176 0.229866 0.539496 0.231544 0.539496 0.233221 0.542857 0.233221
0 0.477311 0.229866 0.477311 0.231544 0.478992 0.231544 0.480672 0.233221 0.480672 0.236577 0.478992 0.238255 0.478992 0.239933 0.482353 0.239933 0.482353 0.236577 0.484034 0.234899 0.484034 0.233221 0.480672 0.233221 0.478992 0.231544 0.478992 0.229866
0 0.539496 0.223154 0.537815 0.223154 0.536134 0.224832 0.534454 0.224832 0.534454 0.226510 0.539496 0.226510
0 0.497479 0.192953 0.497479 0.194631 0.502521 0.194631 0.502521 0.192953
0 0.455462 0.192953 0.453782 0.192953 0.453782 0.194631 0.452101 0.196309 0.450420 0.196309 0.448739 0.197987 0.448739 0.199664 0.452101 0.199664 0.453782 0.197987 0.455462 0.197987
0 0.564706 0.078859 0.566387 0.078859 0.568067 0.080537 0.573109 0.080537 0.573109 0.078859
0 0.600000 0.075503 0.600000 0.077181 0.601681 0.077181 0.603361 0.078859 0.603361 0.080537 0.605042 0.080537 0.606723 0.082215 0.616807 0.082215 0.616807 0.080537 0.618487 0.078859 0.618487 0.077181 0.616807 0.075503 0.610084 0.075503 0.608403 0.073826 0.608403 0.072148 0.606723 0.072148 0.605042 0.073826 0.605042 0.077181 0.603361 0.078859 0.601681 0.077181 0.601681 0.075503
0 0.541176 0.068792 0.541176 0.072148 0.542857 0.072148 0.542857 0.068792
0 0.610084 0.065436 0.610084 0.067114 0.615126 0.072148 0.618487 0.072148 0.618487 0.070470 0.616807 0.068792 0.615126 0.068792 0.611765 0.065436
0 0.544538 0.063758 0.544538 0.065436 0.547899 0.065436 0.547899 0.063758
0 0.522689 0.063758 0.522689 0.065436 0.524370 0.065436 0.527731 0.068792 0.531092 0.068792 0.532773 0.070470 0.537815 0.070470 0.537815 0.068792 0.536134 0.067114 0.529412 0.067114 0.526050 0.063758
0 0.524370 0.041946 0.522689 0.041946 0.522689 0.043624 0.521008 0.045302 0.519328 0.045302 0.519328 0.046980 0.515966 0.050336 0.515966 0.052013 0.517647 0.053691 0.519328 0.053691 0.519328 0.052013 0.521008 0.050336 0.521008 0.048658 0.522689 0.046980 0.522689 0.045302 0.524370 0.043624
0 0.596639 0.033557 0.594958 0.033557 0.593277 0.035235 0.588235 0.035235 0.588235 0.036913 0.589916 0.038591 0.593277 0.038591 0.594958 0.036913 0.596639 0.036913
0 0.527731 0.031879 0.527731 0.033557 0.531092 0.033557 0.532773 0.035235 0.532773 0.036913 0.536134 0.036913 0.537815 0.038591 0.539496 0.038591 0.541176 0.036913 0.542857 0.038591 0.546218 0.038591 0.546218 0.036913 0.547899 0.035235 0.551261 0.035235 0.551261 0.033557 0.544538 0.033557 0.544538 0.035235 0.542857 0.036913 0.541176 0.035235 0.532773 0.035235 0.531092 0.033557 0.531092 0.031879