0 0.678992 0.501678 0.013445 0.006711
0 0.649580 0.496644 0.025210 0.020134
0 0.633613 0.478188 0.006723 0.003356
0 0.484034 0.463926 0.026891 0.015101
0 0.780672 0.453859 0.008403 0.008389
0 0.766387 0.453020 0.013445 0.010067
0 0.588235 0.454698 0.026891 0.023490
0 0.764706 0.427852 0.006723 0.006711
0 0.758824 0.414430 0.005042 0.003356
0 0.719328 0.405201 0.010084 0.005034
0 0.713445 0.396812 0.005042 0.005034
0 0.694118 0.397651 0.030252 0.016779
0 0.752941 0.400168 0.026891 0.025168
0 0.645378 0.382550 0.043697 0.020134
0 0.555462 0.371644 0.005042 0.005034
0 0.590756 0.372483 0.062185 0.016779
0 0.526050 0.361577 0.047059 0.018456