0 0.487395 0.520134 0.487395 0.523490 0.485714 0.525168 0.484034 0.525168 0.484034 0.526846 0.482353 0.528523 0.480672 0.528523 0.480672 0.530201 0.482353 0.530201 0.484034 0.531879 0.492437 0.531879 0.492437 0.528523 0.494118 0.526846 0.494118 0.525168 0.492437 0.525168 0.490756 0.523490 0.490756 0.520134
0 0.462185 0.515101 0.463866 0.516779 0.463866 0.518456 0.467227 0.518456 0.468908 0.520134 0.470588 0.520134 0.472269 0.518456 0.473950 0.520134 0.475630 0.520134 0.477311 0.518456 0.478992 0.518456 0.478992 0.516779 0.480672 0.515101 0.482353 0.515101 0.484034 0.513423 0.484034 0.511745 0.482353 0.511745 0.480672 0.513423 0.478992 0.513423 0.478992 0.515101 0.475630 0.518456 0.473950 0.516779 0.472269 0.516779 0.470588 0.515101 0.470588 0.513423 0.468908 0.511745 0.468908 0.508389 0.467227 0.506711 0.463866 0.506711 0.463866 0.508389 0.465546 0.508389 0.467227 0.510067
0 0.403361 0.500000 0.401681 0.500000 0.400000 0.501678 0.400000 0.503356 0.401681 0.503356 0.403361 0.501678
0 0.458824 0.494966 0.458824 0.498322 0.460504 0.500000 0.460504 0.503356 0.462185 0.503356 0.462185 0.500000 0.460504 0.498322 0.462185 0.496644 0.462185 0.494966
0 0.458824 0.479866 0.458824 0.484899 0.460504 0.484899 0.460504 0.479866
0 0.415126 0.476510 0.415126 0.479866 0.418487 0.479866 0.418487 0.476510
0 0.379832 0.474832 0.379832 0.476510 0.378151 0.478188 0.378151 0.481544 0.384874 0.481544 0.386555 0.479866 0.386555 0.478188 0.384874 0.478188 0.381513 0.474832
0 0.467227 0.459732 0.465546 0.459732 0.463866 0.461409 0.462185 0.459732 0.460504 0.459732 0.458824 0.461409 0.457143 0.461409 0.457143 0.463087 0.460504 0.466443 0.458824 0.468121 0.455462 0.468121 0.455462 0.471477 0.460504 0.471477 0.460504 0.469799 0.462185 0.468121 0.462185 0.463087 0.463866 0.461409 0.467227 0.461409
0 0.512605 0.453020 0.509244 0.453020 0.507563 0.454698 0.505882 0.454698 0.505882 0.456376 0.504202 0.458054 0.502521 0.458054 0.502521 0.463087 0.504202 0.464765 0.504202 0.468121 0.505882 0.468121 0.505882 0.464765 0.507563 0.463087 0.509244 0.464765 0.509244 0.466443 0.510924 0.466443 0.510924 0.464765 0.509244 0.463087 0.509244 0.458054 0.510924 0.456376 0.512605 0.456376
0 0.470588 0.453020 0.470588 0.456376 0.472269 0.456376 0.473950 0.458054 0.475630 0.458054 0.475630 0.456376 0.473950 0.454698 0.473950 0.453020 0.475630 0.451342 0.477311 0.453020 0.482353 0.453020 0.484034 0.451342 0.485714 0.453020 0.485714 0.454698 0.489076 0.454698 0.489076 0.453020 0.487395 0.453020 0.485714 0.451342 0.482353 0.451342 0.480672 0.449664 0.475630 0.449664 0.473950 0.451342 0.472269 0.451342
0 0.500840 0.447987 0.499160 0.447987 0.497479 0.449664 0.495798 0.449664 0.495798 0.453020 0.500840 0.453020