0 0.512605 0.528523 0.512605 0.531879 0.517647 0.531879 0.519328 0.533557 0.521008 0.533557 0.521008 0.531879 0.519328 0.531879 0.517647 0.530201 0.517647 0.528523
0 0.531092 0.510067 0.531092 0.513423 0.536134 0.518456 0.542857 0.518456 0.542857 0.516779 0.541176 0.515101 0.537815 0.515101 0.536134 0.513423 0.534454 0.513423 0.532773 0.511745 0.532773 0.510067
0 0.527731 0.505034 0.527731 0.506711 0.531092 0.506711 0.531092 0.505034
0 0.475630 0.505034 0.475630 0.508389 0.477311 0.510067 0.477311 0.511745 0.478992 0.511745 0.484034 0.515101 0.484034 0.516779 0.482353 0.518456 0.482353 0.521812 0.480672 0.523490 0.478992 0.523490 0.478992 0.525168 0.485714 0.525168 0.487395 0.523490 0.490756 0.523490 0.494118 0.526846 0.500840 0.526846 0.502521 0.528523 0.507563 0.530201 0.505882 0.525168 0.507563 0.523490 0.510924 0.523490 0.510924 0.521812 0.507563 0.521812 0.505882 0.520134 0.500840 0.520134 0.499160 0.518456 0.500840 0.513423 0.495798 0.513423 0.494118 0.511745 0.494118 0.510067 0.492437 0.510067 0.490756 0.508389 0.487395 0.508389 0.485714 0.506711 0.480672 0.506711 0.478992 0.505034
0 0.541176 0.501678 0.541176 0.505034 0.542857 0.506711 0.542857 0.510067 0.549580 0.510067 0.549580 0.508389 0.547899 0.508389 0.546218 0.506711 0.544538 0.506711 0.542857 0.505034 0.544538 0.503356 0.544538 0.501678
0 0.515966 0.494966 0.515966 0.498322 0.521008 0.503356 0.521008 0.505034 0.524370 0.505034 0.524370 0.503356 0.526050 0.501678 0.527731 0.501678 0.527731 0.500000 0.522689 0.500000 0.521008 0.498322 0.521008 0.496644 0.519328 0.496644 0.517647 0.494966
0 0.473950 0.476510 0.473950 0.478188 0.475630 0.478188 0.477311 0.479866 0.480672 0.479866 0.480672 0.478188 0.478992 0.478188 0.477311 0.476510 0.477311 0.474832 0.475630 0.474832
0 0.443697 0.479866 0.443697 0.481544 0.447059 0.481544 0.448739 0.479866 0.450420 0.479866 0.452101 0.481544 0.452101 0.483221 0.455462 0.488255 0.455462 0.491611 0.458824 0.494966 0.457143 0.496644 0.455462 0.496644 0.455462 0.498322 0.457143 0.498322 0.458824 0.500000 0.458824 0.503356 0.460504 0.503356 0.463866 0.506711 0.468908 0.505034 0.468908 0.498322 0.470588 0.496644 0.470588 0.494966 0.468908 0.493289 0.468908 0.489933 0.467227 0.489933 0.465546 0.488255 0.465546 0.486577 0.462185 0.486577 0.460504 0.484899 0.455462 0.484899 0.453782 0.483221 0.455462 0.481544 0.458824 0.481544 0.458824 0.479866 0.453782 0.478188 0.452101 0.476510 0.452101 0.474832 0.450420 0.474832 0.450420 0.476510 0.447059 0.479866
0 0.499160 0.471477 0.499160 0.474832 0.500840 0.474832 0.502521 0.476510 0.504202 0.476510 0.504202 0.474832 0.500840 0.471477
0 0.477311 0.464765 0.475630 0.464765 0.473950 0.463087 0.472269 0.463087 0.467227 0.468121 0.462185 0.468121 0.462185 0.469799 0.475630 0.469799 0.477311 0.468121
0 0.275630 0.273490 0.275630 0.275168 0.277311 0.276846 0.278992 0.276846 0.278992 0.273490
0 0.521008 0.216443 0.521008 0.218121 0.524370 0.218121 0.524370 0.216443
0 0.484034 0.218121 0.484034 0.219799 0.485714 0.219799 0.487395 0.221477 0.490756 0.221477 0.494118 0.224832 0.499160 0.224832 0.500840 0.223154 0.502521 0.224832 0.505882 0.224832 0.507563 0.226510 0.507563 0.228188 0.509244 0.229866 0.514286 0.229866 0.515966 0.231544 0.517647 0.231544 0.517647 0.228188 0.514286 0.224832 0.514286 0.223154 0.505882 0.223154 0.504202 0.221477 0.499160 0.221477 0.494118 0.216443 0.490756 0.216443 0.489076 0.218121
0 0.455462 0.211409 0.455462 0.213087 0.457143 0.214765 0.457143 0.218121 0.460504 0.218121 0.462185 0.216443 0.463866 0.218121 0.467227 0.218121 0.468908 0.219799 0.473950 0.219799 0.475630 0.221477 0.475630 0.223154 0.477311 0.223154 0.477311 0.221477 0.478992 0.219799 0.478992 0.218121 0.477311 0.216443 0.478992 0.214765 0.478992 0.213087 0.477311 0.211409 0.477311 0.209732 0.470588 0.209732 0.468908 0.208054 0.462185 0.208054 0.462185 0.211409 0.460504 0.213087 0.458824 0.213087 0.457143 0.211409
0 0.500840 0.204698 0.500840 0.208054 0.507563 0.208054 0.507563 0.206376 0.505882 0.206376 0.504202 0.204698
0 0.482353 0.189597 0.482353 0.191275 0.484034 0.192953 0.485714 0.192953 0.485714 0.191275 0.484034 0.189597
0 0.460504 0.187919 0.458824 0.189597 0.458824 0.191275 0.455462 0.194631 0.455462 0.196309 0.457143 0.197987 0.457143 0.199664 0.458824 0.199664 0.460504 0.201342 0.465546 0.201342 0.465546 0.199664 0.463866 0.199664 0.462185 0.197987 0.465546 0.194631 0.467227 0.194631 0.468908 0.192953 0.468908 0.191275 0.467227 0.191275 0.465546 0.189597 0.463866 0.189597 0.462185 0.187919
0 0.455462 0.171141 0.455462 0.172819 0.453782 0.174497 0.453782 0.176174 0.455462 0.177852 0.455462 0.179530 0.458824 0.179530 0.462185 0.182886 0.465546 0.182886 0.465546 0.181208 0.463866 0.181208 0.462185 0.179530 0.462185 0.172819 0.460504 0.172819 0.458824 0.171141
0 0.472269 0.161074 0.470588 0.161074 0.467227 0.164430 0.467227 0.166107 0.468908 0.166107 0.470588 0.164430 0.472269 0.164430
0 0.605042 0.058725 0.605042 0.060403 0.608403 0.060403 0.608403 0.058725
0 0.552941 0.062081 0.557983 0.062081 0.559664 0.063758 0.559664 0.065436 0.566387 0.065436 0.568067 0.067114 0.568067 0.072148 0.571429 0.072148 0.573109 0.070470 0.579832 0.070470 0.581513 0.068792 0.581513 0.065436 0.583193 0.063758 0.584874 0.065436 0.584874 0.067114 0.586555 0.067114 0.586555 0.065436 0.589916 0.062081 0.591597 0.062081 0.593277 0.060403 0.598319 0.060403 0.600000 0.055369 0.598319 0.055369 0.593277 0.052013 0.594958 0.050336 0.594958 0.048658 0.581513 0.048658 0.579832 0.046980 0.579832 0.043624 0.576471 0.040268 0.573109 0.040268 0.571429 0.041946 0.569748 0.040268 0.566387 0.040268 0.566387 0.041946 0.568067 0.043624 0.566387 0.045302 0.561345 0.046980 0.557983 0.057047 0.554622 0.060403 0.552941 0.060403
0 0.527731 0.038591 0.527731 0.040268 0.526050 0.041946 0.526050 0.045302 0.527731 0.046980 0.529412 0.046980 0.531092 0.045302 0.532773 0.046980 0.532773 0.052013 0.536134 0.052013 0.537815 0.050336 0.539496 0.052013 0.541176 0.052013 0.542857 0.053691 0.546218 0.053691 0.547899 0.055369 0.549580 0.055369 0.549580 0.052013 0.551261 0.050336 0.551261 0.048658 0.549580 0.048658 0.547899 0.046980 0.541176 0.046980 0.537815 0.043624 0.537815 0.041946 0.536134 0.041946 0.534454 0.040268 0.532773 0.040268 0.531092 0.038591
0 0.848739 0.006711 0.848739 0.008389 0.852101 0.008389 0.852101 0.006711