0 0.802189 0.536913 0.008418 0.013423
0 0.829125 0.529362 0.008418 0.008389
0 0.806397 0.524329 0.003367 0.005034
0 0.833333 0.520134 0.010101 0.006711
0 0.470539 0.465604 0.005051 0.005034
0 0.544613 0.466443 0.008418 0.013423
0 0.484007 0.161913 0.015152 0.008389
0 0.497475 0.158557 0.008418 0.008389
0 0.533670 0.155201 0.003367 0.005034
0 0.513468 0.155201 0.016835 0.011745
0 0.534512 0.145973 0.011785 0.010067
0 0.522727 0.140101 0.018519 0.008389
0 0.503367 0.139262 0.010101 0.006711
0 0.430976 0.133389 0.006734 0.005034
0 0.520202 0.122483 0.010101 0.006711
0 0.435185 0.119966 0.018519 0.018456
0 0.492424 0.110738 0.008418 0.010067
0 0.533670 0.109060 0.016835 0.013423
0 0.508418 0.103188 0.010101 0.008389
0 0.493266 0.101510 0.006734 0.005034