0 0.471380 0.530201 0.471380 0.533557 0.473064 0.535235 0.473064 0.536913 0.474747 0.536913 0.476431 0.538591 0.479798 0.538591 0.479798 0.536913 0.481481 0.535235 0.483165 0.535235 0.488215 0.538591 0.488215 0.541946 0.489899 0.541946 0.489899 0.538591 0.488215 0.538591 0.486532 0.536913 0.488215 0.535235 0.491582 0.535235 0.491582 0.531879 0.493266 0.530201 0.496633 0.535235 0.494949 0.536913 0.494949 0.538591 0.496633 0.538591 0.498316 0.536913 0.498316 0.535235 0.496633 0.533557 0.498316 0.531879 0.498316 0.526846 0.496633 0.526846 0.494949 0.528523 0.493266 0.526846 0.489899 0.526846 0.489899 0.528523 0.488215 0.530201 0.484848 0.530201 0.483165 0.528523 0.483165 0.526846 0.481481 0.526846 0.479798 0.528523 0.473064 0.528523
0 0.501684 0.521812 0.501684 0.525168 0.503367 0.525168 0.503367 0.521812
0 0.511785 0.518456 0.511785 0.520134 0.516835 0.525168 0.516835 0.526846 0.515152 0.528523 0.511785 0.528523 0.511785 0.530201 0.518519 0.530201 0.520202 0.528523 0.526936 0.528523 0.528620 0.526846 0.530303 0.528523 0.533670 0.528523 0.533670 0.526846 0.531987 0.525168 0.531987 0.523490 0.530303 0.521812 0.526936 0.521812 0.523569 0.518456 0.518519 0.518456 0.518519 0.520134 0.516835 0.521812 0.513468 0.518456
0 0.523569 0.501678 0.523569 0.505034 0.521886 0.506711 0.521886 0.508389 0.523569 0.508389 0.525253 0.510067 0.523569 0.511745 0.523569 0.513423 0.526936 0.513423 0.526936 0.506711 0.525253 0.505034 0.525253 0.501678
0 0.508418 0.498322 0.508418 0.500000 0.513468 0.500000 0.513468 0.498322
0 0.436027 0.496644 0.436027 0.498322 0.444444 0.498322 0.446128 0.500000 0.449495 0.500000 0.449495 0.498322 0.447811 0.496644 0.442761 0.496644 0.441077 0.494966 0.437710 0.494966
0 0.496633 0.483221 0.494949 0.484899 0.494949 0.488255 0.493266 0.489933 0.493266 0.491611 0.500000 0.491611 0.501684 0.493289 0.500000 0.494966 0.498316 0.494966 0.498316 0.496644 0.500000 0.496644 0.501684 0.494966 0.503367 0.494966 0.503367 0.493289 0.501684 0.493289 0.500000 0.491611 0.501684 0.489933 0.501684 0.488255 0.500000 0.486577 0.500000 0.484899 0.498316 0.483221
0 0.466330 0.478188 0.466330 0.479866 0.469697 0.483221 0.471380 0.483221 0.471380 0.479866 0.469697 0.479866 0.468013 0.478188
0 0.439394 0.478188 0.439394 0.479866 0.444444 0.479866 0.444444 0.478188
0 0.469697 0.473154 0.469697 0.474832 0.471380 0.476510 0.474747 0.476510 0.474747 0.473154
0 0.441077 0.473154 0.442761 0.474832 0.444444 0.474832 0.446128 0.473154 0.447811 0.473154 0.449495 0.471477 0.456229 0.471477 0.456229 0.469799 0.457912 0.468121 0.462963 0.468121 0.464646 0.466443 0.464646 0.463087 0.462963 0.463087 0.461279 0.464765 0.459596 0.463087 0.457912 0.463087 0.456229 0.461409 0.449495 0.461409 0.449495 0.463087 0.447811 0.464765 0.444444 0.464765 0.444444 0.466443 0.442761 0.468121 0.442761 0.469799 0.441077 0.471477