0 0.380471 0.651007 0.378788 0.651007 0.377104 0.652685 0.372054 0.652685 0.372054 0.654362 0.370370 0.656040 0.368687 0.656040 0.368687 0.657718 0.370370 0.659396 0.372054 0.659396 0.372054 0.656040 0.373737 0.654362 0.377104 0.654362 0.378788 0.652685 0.380471 0.652685
0 0.503367 0.533557 0.501684 0.533557 0.500000 0.535235 0.500000 0.536913 0.503367 0.536913
0 0.452862 0.526846 0.452862 0.530201 0.454545 0.530201 0.456229 0.531879 0.457912 0.531879 0.459596 0.533557 0.466330 0.533557 0.468013 0.535235 0.474747 0.535235 0.474747 0.533557 0.473064 0.531879 0.469697 0.531879 0.468013 0.530201 0.466330 0.530201 0.464646 0.531879 0.462963 0.531879 0.461279 0.530201 0.457912 0.530201 0.456229 0.528523 0.456229 0.525168 0.454545 0.525168
0 0.424242 0.523490 0.424242 0.526846 0.425926 0.526846 0.427609 0.528523 0.434343 0.528523 0.436027 0.530201 0.442761 0.530201 0.444444 0.528523 0.449495 0.528523 0.449495 0.526846 0.446128 0.526846 0.444444 0.525168 0.441077 0.525168 0.439394 0.526846 0.437710 0.526846 0.434343 0.523490 0.434343 0.521812 0.432660 0.520134 0.429293 0.520134 0.429293 0.521812 0.427609 0.523490
0 0.493266 0.513423 0.493266 0.515101 0.501684 0.515101 0.501684 0.513423 0.500000 0.511745 0.496633 0.511745 0.494949 0.513423
0 0.447811 0.503356 0.447811 0.505034 0.449495 0.506711 0.449495 0.508389 0.451178 0.508389 0.452862 0.506711 0.454545 0.506711 0.454545 0.505034 0.452862 0.503356
0 0.444444 0.496644 0.444444 0.500000 0.446128 0.500000 0.447811 0.498322 0.449495 0.500000 0.454545 0.500000 0.454545 0.498322 0.449495 0.498322 0.447811 0.496644
0 0.471380 0.483221 0.462963 0.483221 0.461279 0.484899 0.459596 0.484899 0.456229 0.488255 0.456229 0.491611 0.454545 0.493289 0.452862 0.493289 0.452862 0.494966 0.456229 0.494966 0.456229 0.493289 0.457912 0.491611 0.459596 0.491611 0.459596 0.489933 0.461279 0.488255 0.462963 0.488255 0.464646 0.486577 0.468013 0.486577 0.469697 0.484899 0.471380 0.484899
0 0.540404 0.474832 0.537037 0.474832 0.537037 0.478188 0.538721 0.478188 0.540404 0.476510
0 0.557239 0.479866 0.557239 0.481544 0.565657 0.483221 0.572391 0.488255 0.575758 0.488255 0.577441 0.486577 0.579125 0.488255 0.580808 0.488255 0.582492 0.486577 0.590909 0.486577 0.592593 0.484899 0.594276 0.486577 0.594276 0.488255 0.595960 0.488255 0.597643 0.486577 0.599327 0.488255 0.599327 0.489933 0.601010 0.489933 0.601010 0.484899 0.599327 0.483221 0.601010 0.481544 0.602694 0.481544 0.602694 0.479866 0.601010 0.479866 0.599327 0.478188 0.599327 0.476510 0.597643 0.476510 0.595960 0.474832 0.595960 0.471477 0.594276 0.471477 0.592593 0.469799 0.587542 0.469799 0.585859 0.468121 0.577441 0.468121 0.575758 0.469799 0.575758 0.474832 0.572391 0.478188 0.570707 0.476510 0.567340 0.476510 0.565657 0.474832 0.565657 0.473154 0.563973 0.473154 0.563973 0.474832 0.565657 0.476510 0.563973 0.478188 0.560606 0.478188 0.558923 0.479866
0 0.538721 0.466443 0.538721 0.468121 0.543771 0.468121 0.543771 0.464765 0.540404 0.464765
0 0.547138 0.463087 0.547138 0.464765 0.548822 0.464765 0.550505 0.466443 0.550505 0.468121 0.558923 0.468121 0.560606 0.469799 0.558923 0.471477 0.555556 0.471477 0.555556 0.473154 0.558923 0.473154 0.558923 0.471477 0.560606 0.469799 0.567340 0.469799 0.567340 0.466443 0.560606 0.466443 0.558923 0.464765 0.552189 0.464765 0.550505 0.463087