0 0.438655 0.762185 0.010084 0.005042
0 0.454622 0.742857 0.005042 0.003361
0 0.239496 0.604202 0.008403 0.005042
0 0.508403 0.536975 0.011765 0.008403
0 0.573950 0.538655 0.025210 0.015126
0 0.553782 0.533613 0.005042 0.005042
0 0.540336 0.535294 0.011765 0.008403
0 0.516807 0.528571 0.005042 0.005042
0 0.565546 0.526050 0.005042 0.003361
0 0.493277 0.526050 0.008403 0.006723
0 0.516807 0.521008 0.005042 0.003361
0 0.573109 0.518487 0.013445 0.008403
0 0.578992 0.510924 0.005042 0.003361
0 0.434454 0.470588 0.011765 0.010084
0 0.541176 0.343697 0.006723 0.005042
0 0.584874 0.336134 0.010084 0.003361
0 0.503361 0.325210 0.015126 0.008403
0 0.511765 0.319328 0.005042 0.003361
0 0.534454 0.310084 0.003361 0.005042
0 0.570588 0.308403 0.005042 0.005042
0 0.170588 0.234454 0.005042 0.008403
0 0.846218 0.179832 0.008403 0.006723
0 0.807563 0.178992 0.005042 0.005042
0 0.815966 0.171429 0.005042 0.003361
0 0.823529 0.168908 0.006723 0.005042
0 0.812605 0.164706 0.005042 0.003361
0 0.184034 0.142017 0.008403 0.008403
0 0.195798 0.140336 0.011765 0.008403
0 0.180672 0.127731 0.005042 0.003361
0 0.591597 0.114286 0.006723 0.006723
0 0.610084 0.110924 0.006723 0.006723
0 0.170588 0.101681 0.005042 0.005042
0 0.544538 0.098319 0.006723 0.005042
0 0.624370 0.095798 0.005042 0.003361
0 0.631933 0.094958 0.006723 0.005042
0 0.605042 0.094958 0.006723 0.005042
0 0.521849 0.094118 0.005042 0.003361
0 0.610084 0.088235 0.006723 0.005042
0 0.508403 0.091597 0.011765 0.011765
0 0.789916 0.089916 0.020168 0.011765
0 0.573950 0.082353 0.005042 0.003361
0 0.587395 0.080672 0.005042 0.003361
0 0.640336 0.079832 0.013445 0.005042
0 0.519328 0.079832 0.013445 0.008403
0 0.587395 0.075630 0.005042 0.003361
0 0.787395 0.073950 0.005042 0.003361
0 0.542857 0.073109 0.003361 0.005042
0 0.555462 0.070588 0.005042 0.003361
0 0.768067 0.068908 0.006723 0.003361
0 0.567227 0.069748 0.005042 0.005042
0 0.769748 0.063025 0.010084 0.005042
0 0.557983 0.059664 0.003361 0.005042
0 0.597479 0.052101 0.005042 0.003361
0 0.572269 0.047059 0.005042 0.003361
0 0.604202 0.044538 0.021849 0.008403