0 0.636975 0.875839 0.636975 0.877517 0.640336 0.877517 0.640336 0.875839
0 0.705882 0.468121 0.705882 0.469799 0.710924 0.469799 0.710924 0.468121
0 0.494118 0.469799 0.489076 0.469799 0.487395 0.468121 0.482353 0.468121 0.482353 0.471477 0.480672 0.473154 0.473950 0.473154 0.473950 0.474832 0.472269 0.476510 0.470588 0.476510 0.470588 0.478188 0.472269 0.479866 0.473950 0.479866 0.473950 0.478188 0.472269 0.476510 0.473950 0.474832 0.477311 0.474832 0.478992 0.476510 0.480672 0.476510 0.482353 0.474832 0.484034 0.474832 0.484034 0.471477 0.485714 0.469799 0.487395 0.469799 0.489076 0.471477 0.492437 0.471477
0 0.509244 0.464765 0.509244 0.466443 0.510924 0.468121 0.510924 0.469799 0.512605 0.469799 0.514286 0.471477 0.515966 0.471477 0.515966 0.468121 0.514286 0.468121 0.512605 0.466443 0.512605 0.464765
0 0.694118 0.463087 0.694118 0.464765 0.697479 0.464765 0.697479 0.463087
0 0.502521 0.459732 0.499160 0.463087 0.499160 0.464765 0.500840 0.466443 0.500840 0.468121 0.502521 0.469799 0.505882 0.469799 0.505882 0.463087 0.504202 0.461409 0.505882 0.459732
0 0.736134 0.458054 0.734454 0.458054 0.732773 0.459732 0.732773 0.461409 0.734454 0.461409 0.736134 0.459732
0 0.697479 0.458054 0.697479 0.459732 0.700840 0.459732 0.700840 0.458054
0 0.722689 0.453020 0.722689 0.454698 0.724370 0.456376 0.729412 0.456376 0.729412 0.453020
0 0.695798 0.449664 0.695798 0.451342 0.697479 0.453020 0.697479 0.454698 0.702521 0.454698 0.702521 0.447987 0.699160 0.447987 0.697479 0.449664
0 0.608403 0.439597 0.606723 0.439597 0.605042 0.441275 0.605042 0.442953 0.608403 0.442953
0 0.581513 0.439597 0.586555 0.449664 0.594958 0.449664 0.601681 0.456376 0.601681 0.463087 0.606723 0.469799 0.623529 0.471477 0.635294 0.476510 0.636975 0.483221 0.685714 0.484899 0.697479 0.496644 0.707563 0.496644 0.707563 0.493289 0.700840 0.489933 0.709244 0.486577 0.712605 0.479866 0.707563 0.476510 0.704202 0.478188 0.702521 0.471477 0.697479 0.471477 0.697479 0.476510 0.690756 0.479866 0.689076 0.476510 0.680672 0.478188 0.677311 0.471477 0.672269 0.476510 0.663866 0.471477 0.660504 0.464765 0.647059 0.466443 0.636975 0.458054 0.633613 0.461409 0.613445 0.447987 0.613445 0.454698 0.605042 0.454698 0.603361 0.451342 0.606723 0.447987 0.601681 0.451342 0.598319 0.444631 0.591597 0.444631 0.584874 0.437919
0 0.715966 0.429530 0.715966 0.431208 0.721008 0.429530 0.722689 0.431208 0.722689 0.432886 0.724370 0.432886 0.727731 0.436242 0.731092 0.436242 0.732773 0.437919 0.731092 0.439597 0.732773 0.444631 0.737815 0.444631 0.739496 0.446309 0.737815 0.447987 0.737815 0.449664 0.741176 0.449664 0.747899 0.441275 0.749580 0.441275 0.751261 0.439597 0.756303 0.439597 0.757983 0.437919 0.761345 0.437919 0.761345 0.436242 0.756303 0.436242 0.751261 0.432886 0.749580 0.432886 0.749580 0.436242 0.747899 0.437919 0.744538 0.434564 0.744538 0.432886 0.742857 0.432886 0.734454 0.437919 0.732773 0.436242 0.734454 0.431208 0.732773 0.429530 0.731092 0.429530 0.729412 0.427852 0.729412 0.426174 0.726050 0.426174 0.724370 0.427852 0.722689 0.426174 0.721008 0.426174
0 0.504202 0.369128 0.510924 0.375839 0.534454 0.370805 0.551261 0.377517 0.557983 0.374161 0.573109 0.384228 0.581513 0.380872 0.579832 0.374161 0.589916 0.372483 0.598319 0.380872 0.591597 0.382550 0.594958 0.387584 0.601681 0.384228 0.623529 0.402685 0.642017 0.404362 0.647059 0.409396 0.640336 0.411074 0.648739 0.414430 0.650420 0.397651 0.653782 0.409396 0.670588 0.409396 0.660504 0.421141 0.682353 0.417785 0.687395 0.424497 0.704202 0.422819 0.702521 0.429530 0.737815 0.421141 0.722689 0.404362 0.717647 0.409396 0.710924 0.404362 0.695798 0.407718 0.648739 0.392617 0.626891 0.399329 0.621849 0.392617 0.642017 0.389262 0.643697 0.384228 0.630252 0.375839 0.601681 0.375839 0.589916 0.369128 0.542857 0.372483 0.522689 0.362416