0 0.365320 0.682886 0.365320 0.687919 0.367003 0.689597 0.368687 0.689597 0.370370 0.687919 0.372054 0.687919 0.373737 0.686242 0.373737 0.684564 0.372054 0.682886 0.370370 0.682886 0.368687 0.684564 0.367003 0.682886
0 0.397306 0.672819 0.395623 0.674497 0.395623 0.676174 0.397306 0.676174 0.398990 0.677852 0.398990 0.679530 0.400673 0.681208 0.404040 0.681208 0.404040 0.679530 0.405724 0.677852 0.405724 0.676174 0.400673 0.676174 0.398990 0.674497 0.398990 0.672819
0 0.378788 0.656040 0.375421 0.656040 0.373737 0.657718 0.372054 0.657718 0.370370 0.659396 0.368687 0.659396 0.367003 0.661074 0.365320 0.661074 0.365320 0.662752 0.367003 0.664430 0.367003 0.666107 0.365320 0.667785 0.363636 0.667785 0.363636 0.669463 0.368687 0.669463 0.368687 0.664430 0.372054 0.661074 0.373737 0.661074 0.375421 0.659396 0.378788 0.659396
0 0.417508 0.518456 0.417508 0.520134 0.420875 0.523490 0.422559 0.523490 0.422559 0.520134 0.420875 0.518456
0 0.498316 0.523490 0.496633 0.523490 0.493266 0.520134 0.493266 0.518456 0.488215 0.518456 0.484848 0.515101 0.481481 0.515101 0.481481 0.516779 0.479798 0.518456 0.478114 0.516779 0.473064 0.516779 0.473064 0.518456 0.468013 0.521812 0.464646 0.521812 0.462963 0.520134 0.457912 0.518456 0.457912 0.520134 0.451178 0.525168 0.449495 0.525168 0.447811 0.523490 0.444444 0.523490 0.444444 0.528523 0.446128 0.528523 0.447811 0.526846 0.449495 0.528523 0.449495 0.530201 0.451178 0.530201 0.452862 0.528523 0.464646 0.528523 0.466330 0.526846 0.468013 0.528523 0.471380 0.528523 0.473064 0.530201 0.484848 0.530201 0.486532 0.531879 0.494949 0.531879 0.496633 0.530201 0.496633 0.526846 0.498316 0.525168
0 0.496633 0.510067 0.494949 0.510067 0.493266 0.511745 0.491582 0.511745 0.491582 0.513423 0.496633 0.513423
0 0.415825 0.510067 0.412458 0.510067 0.412458 0.515101 0.414141 0.515101 0.414141 0.513423 0.415825 0.511745
0 0.500000 0.508389 0.500000 0.511745 0.503367 0.511745 0.503367 0.508389
0 0.506734 0.498322 0.506734 0.500000 0.510101 0.500000 0.510101 0.498322
0 0.552189 0.491611 0.550505 0.491611 0.550505 0.493289 0.548822 0.494966 0.547138 0.494966 0.545455 0.493289 0.538721 0.493289 0.538721 0.498322 0.543771 0.498322 0.545455 0.496644 0.548822 0.496644 0.548822 0.494966 0.550505 0.493289 0.552189 0.493289
0 0.468013 0.489933 0.462963 0.489933 0.461279 0.491611 0.457912 0.491611 0.456229 0.493289 0.454545 0.493289 0.452862 0.494966 0.451178 0.494966 0.451178 0.498322 0.449495 0.500000 0.449495 0.501678 0.447811 0.503356 0.444444 0.503356 0.444444 0.505034 0.446128 0.505034 0.447811 0.506711 0.447811 0.510067 0.449495 0.510067 0.451178 0.508389 0.452862 0.508389 0.454545 0.506711 0.454545 0.501678 0.456229 0.500000 0.457912 0.500000 0.457912 0.498322 0.461279 0.494966 0.462963 0.494966 0.462963 0.493289 0.464646 0.491611 0.468013 0.491611
0 0.515152 0.483221 0.515152 0.484899 0.525253 0.484899 0.525253 0.483221
0 0.528620 0.479866 0.528620 0.481544 0.535354 0.481544 0.537037 0.483221 0.538721 0.483221 0.540404 0.484899 0.543771 0.484899 0.545455 0.486577 0.548822 0.486577 0.550505 0.488255 0.553872 0.488255 0.553872 0.486577 0.552189 0.486577 0.550505 0.484899 0.552189 0.483221 0.552189 0.479866 0.550505 0.479866 0.548822 0.478188 0.543771 0.478188 0.542088 0.476510 0.540404 0.476510 0.537037 0.479866