0 0.475630 0.506711 0.475630 0.513423 0.477311 0.513423 0.478992 0.515101 0.477311 0.516779 0.475630 0.516779 0.475630 0.523490 0.480672 0.523490 0.480672 0.515101 0.482353 0.513423 0.482353 0.511745 0.480672 0.510067 0.480672 0.508389 0.478992 0.506711
0 0.442017 0.486577 0.440336 0.491611 0.442017 0.491611 0.447059 0.494966 0.445378 0.496644 0.445378 0.503356 0.448739 0.503356 0.450420 0.505034 0.453782 0.505034 0.457143 0.508389 0.457143 0.510067 0.460504 0.510067 0.462185 0.508389 0.463866 0.508389 0.465546 0.510067 0.468908 0.510067 0.470588 0.508389 0.472269 0.508389 0.472269 0.506711 0.470588 0.505034 0.467227 0.505034 0.465546 0.503356 0.465546 0.501678 0.463866 0.501678 0.462185 0.500000 0.458824 0.500000 0.457143 0.501678 0.455462 0.501678 0.453782 0.500000 0.453782 0.494966 0.448739 0.494966 0.447059 0.493289 0.448739 0.491611 0.453782 0.491611 0.455462 0.489933 0.457143 0.489933 0.457143 0.484899 0.450420 0.484899 0.448739 0.486577 0.447059 0.484899 0.445378 0.484899 0.443697 0.486577
0 0.472269 0.253356 0.472269 0.255034 0.475630 0.255034 0.475630 0.253356
0 0.463866 0.250000 0.463866 0.251678 0.467227 0.251678 0.467227 0.250000
0 0.478992 0.246644 0.475630 0.246644 0.473950 0.248322 0.472269 0.248322 0.472269 0.250000 0.478992 0.250000
0 0.517647 0.243289 0.517647 0.244966 0.521008 0.244966 0.521008 0.243289
0 0.502521 0.243289 0.502521 0.248322 0.505882 0.248322 0.507563 0.250000 0.509244 0.250000 0.510924 0.248322 0.514286 0.248322 0.514286 0.244966 0.510924 0.244966 0.509244 0.243289 0.507563 0.243289 0.505882 0.241611 0.504202 0.241611
0 0.495798 0.228188 0.495798 0.229866 0.500840 0.229866 0.500840 0.228188
0 0.534454 0.226510 0.534454 0.229866 0.536134 0.231544 0.534454 0.236577 0.536134 0.236577 0.539496 0.239933 0.539496 0.241611 0.537815 0.243289 0.532773 0.243289 0.531092 0.241611 0.527731 0.241611 0.526050 0.243289 0.524370 0.243289 0.524370 0.248322 0.522689 0.250000 0.522689 0.251678 0.526050 0.251678 0.527731 0.253356 0.529412 0.253356 0.532773 0.256711 0.532773 0.258389 0.537815 0.258389 0.539496 0.256711 0.539496 0.253356 0.542857 0.250000 0.542857 0.246644 0.537815 0.243289 0.539496 0.241611 0.542857 0.241611 0.544538 0.239933 0.547899 0.239933 0.549580 0.234899 0.546218 0.234899 0.544538 0.233221 0.544538 0.231544 0.539496 0.228188 0.539496 0.226510
0 0.489076 0.231544 0.487395 0.231544 0.485714 0.229866 0.485714 0.226510 0.478992 0.226510 0.477311 0.228188 0.473950 0.224832 0.475630 0.223154 0.477311 0.223154 0.477311 0.221477 0.475630 0.219799 0.473950 0.219799 0.472269 0.221477 0.468908 0.221477 0.467227 0.223154 0.467227 0.224832 0.470588 0.224832 0.472269 0.226510 0.467227 0.231544 0.462185 0.231544 0.462185 0.233221 0.463866 0.233221 0.465546 0.234899 0.463866 0.236577 0.460504 0.236577 0.458824 0.238255 0.458824 0.239933 0.460504 0.239933 0.462185 0.241611 0.458824 0.244966 0.457143 0.244966 0.457143 0.248322 0.458824 0.248322 0.463866 0.244966 0.468908 0.244966 0.472269 0.241611 0.473950 0.241611 0.477311 0.236577 0.478992 0.238255 0.478992 0.239933 0.480672 0.241611 0.482353 0.241611 0.484034 0.239933 0.484034 0.236577 0.487395 0.233221 0.489076 0.233221
0 0.487395 0.218121 0.487395 0.219799 0.489076 0.221477 0.490756 0.221477 0.490756 0.218121
0 0.455462 0.213087 0.455462 0.216443 0.458824 0.216443 0.458824 0.213087
0 0.462185 0.203020 0.462185 0.204698 0.465546 0.204698 0.465546 0.203020
0 0.450420 0.197987 0.453782 0.197987 0.455462 0.196309 0.457143 0.196309 0.458824 0.194631 0.460504 0.194631 0.460504 0.192953 0.453782 0.192953 0.453782 0.194631 0.452101 0.196309 0.450420 0.196309
0 0.487395 0.191275 0.487395 0.194631 0.492437 0.194631 0.492437 0.192953 0.490756 0.192953 0.489076 0.191275
0 0.445378 0.182886 0.445378 0.184564 0.450420 0.184564 0.450420 0.182886
0 0.487395 0.176174 0.487395 0.177852 0.489076 0.177852 0.490756 0.179530 0.494118 0.179530 0.495798 0.177852 0.495798 0.176174 0.494118 0.174497 0.489076 0.174497
0 0.442017 0.169463 0.440336 0.171141 0.440336 0.172819 0.442017 0.174497 0.443697 0.174497 0.445378 0.176174 0.445378 0.177852 0.448739 0.177852 0.448739 0.172819 0.445378 0.169463
0 0.470588 0.161074 0.468908 0.161074 0.467227 0.162752 0.467227 0.164430 0.470588 0.164430
0 0.586555 0.068792 0.584874 0.068792 0.584874 0.070470 0.583193 0.072148 0.583193 0.073826 0.584874 0.073826 0.584874 0.072148 0.586555 0.070470
0 0.589916 0.067114 0.589916 0.070470 0.593277 0.070470 0.594958 0.072148 0.594958 0.075503 0.598319 0.075503 0.603361 0.070470 0.605042 0.072148 0.606723 0.072148 0.608403 0.073826 0.608403 0.075503 0.610084 0.075503 0.611765 0.077181 0.613445 0.077181 0.615126 0.075503 0.618487 0.075503 0.620168 0.073826 0.621849 0.073826 0.620168 0.073826 0.611765 0.065436 0.611765 0.063758 0.608403 0.063758 0.608403 0.065436 0.605042 0.070470 0.603361 0.068792 0.601681 0.068792 0.598319 0.063758 0.594958 0.063758 0.591597 0.067114
0 0.547899 0.063758 0.547899 0.065436 0.552941 0.065436 0.554622 0.067114 0.554622 0.070470 0.557983 0.070470 0.559664 0.072148 0.559664 0.073826 0.563025 0.073826 0.566387 0.068792 0.569748 0.073826 0.566387 0.077181 0.563025 0.077181 0.563025 0.078859 0.564706 0.078859 0.566387 0.080537 0.569748 0.080537 0.571429 0.078859 0.571429 0.075503 0.573109 0.073826 0.573109 0.070470 0.569748 0.070470 0.568067 0.068792 0.568067 0.067114 0.564706 0.067114 0.564706 0.068792 0.563025 0.070470 0.559664 0.067114 0.559664 0.065436 0.557983 0.063758
0 0.522689 0.043624 0.522689 0.045302 0.521008 0.046980 0.521008 0.053691 0.524370 0.053691 0.527731 0.057047 0.527731 0.060403 0.534454 0.060403 0.534454 0.058725 0.532773 0.057047 0.532773 0.055369 0.531092 0.053691 0.531092 0.048658 0.529412 0.048658 0.526050 0.045302 0.526050 0.043624
0 0.584874 0.038591 0.584874 0.040268 0.586555 0.041946 0.586555 0.043624 0.588235 0.043624 0.589916 0.045302 0.589916 0.046980 0.593277 0.046980 0.596639 0.050336 0.600000 0.050336 0.601681 0.048658 0.605042 0.048658 0.605042 0.045302 0.603361 0.043624 0.603361 0.040268 0.601681 0.040268 0.600000 0.038591 0.600000 0.036913 0.589916 0.036913 0.588235 0.038591
0 0.549580 0.036913 0.547899 0.035235 0.546218 0.035235 0.544538 0.036913 0.537815 0.036913 0.537815 0.038591 0.539496 0.040268 0.541176 0.040268 0.544538 0.036913 0.546218 0.036913 0.547899 0.038591 0.549580 0.038591