0 0.797980 0.523490 0.796296 0.523490 0.796296 0.528523 0.794613 0.530201 0.794613 0.531879 0.796296 0.531879 0.799663 0.528523 0.799663 0.526846 0.797980 0.525168
0 0.540404 0.459732 0.538721 0.461409 0.538721 0.466443 0.540404 0.468121 0.543771 0.468121 0.543771 0.464765 0.545455 0.463087 0.545455 0.461409 0.543771 0.459732
0 0.486532 0.161074 0.486532 0.162752 0.489899 0.162752 0.489899 0.161074
0 0.510101 0.152685 0.510101 0.154362 0.513468 0.157718 0.515152 0.157718 0.515152 0.152685
0 0.518519 0.135906 0.518519 0.139262 0.520202 0.139262 0.521886 0.137584 0.523569 0.137584 0.521886 0.135906
0 0.505051 0.137584 0.503367 0.135906 0.501684 0.135906 0.500000 0.137584 0.494949 0.137584 0.494949 0.139262 0.496633 0.140940 0.503367 0.140940 0.505051 0.139262
0 0.488215 0.134228 0.488215 0.135906 0.491582 0.135906 0.491582 0.134228
0 0.425926 0.129195 0.425926 0.130872 0.427609 0.132550 0.427609 0.134228 0.429293 0.134228 0.429293 0.132550 0.430976 0.130872 0.429293 0.130872 0.427609 0.129195
0 0.427609 0.122483 0.425926 0.122483 0.424242 0.124161 0.424242 0.125839 0.427609 0.125839
0 0.427609 0.117450 0.427609 0.119128 0.429293 0.119128 0.430976 0.120805 0.432660 0.120805 0.432660 0.119128 0.430976 0.119128 0.429293 0.117450
0 0.489899 0.105705 0.489899 0.114094 0.493266 0.114094 0.493266 0.112416 0.491582 0.110738 0.494949 0.107383 0.494949 0.105705
0 0.454545 0.109060 0.452862 0.107383 0.447811 0.107383 0.446128 0.109060 0.444444 0.107383 0.444444 0.105705 0.442761 0.105705 0.441077 0.107383 0.437710 0.107383 0.436027 0.109060 0.436027 0.110738 0.434343 0.112416 0.432660 0.112416 0.432660 0.114094 0.436027 0.114094 0.437710 0.115772 0.439394 0.115772 0.441077 0.117450 0.442761 0.117450 0.446128 0.114094 0.446128 0.112416 0.447811 0.110738 0.454545 0.110738
0 0.538721 0.104027 0.538721 0.105705 0.542088 0.105705 0.542088 0.104027
0 0.508418 0.100671 0.506734 0.100671 0.505051 0.102349 0.503367 0.102349 0.503367 0.104027 0.505051 0.105705 0.506734 0.105705 0.508418 0.104027