0 0.453782 0.489933 0.457143 0.496644 0.457143 0.501678 0.468908 0.508389 0.475630 0.506711 0.478992 0.510067 0.478992 0.513423 0.482353 0.515101 0.482353 0.520134 0.485714 0.523490 0.490756 0.523490 0.492437 0.526846 0.497479 0.528523 0.509244 0.526846 0.512605 0.531879 0.517647 0.530201 0.519328 0.533557 0.524370 0.531879 0.524370 0.530201 0.519328 0.531879 0.517647 0.528523 0.512605 0.528523 0.510924 0.523490 0.507563 0.523490 0.500840 0.520134 0.499160 0.516779 0.495798 0.516779 0.494118 0.515101 0.497479 0.513423 0.495798 0.510067 0.490756 0.510067 0.489076 0.508389 0.485714 0.510067 0.484034 0.506711 0.478992 0.506711 0.465546 0.501678 0.463866 0.498322 0.467227 0.496644 0.467227 0.494966 0.460504 0.486577 0.457143 0.486577
0 0.450420 0.478188 0.450420 0.479866 0.455462 0.479866 0.455462 0.478188
0 0.477311 0.478188 0.477311 0.479866 0.480672 0.479866 0.482353 0.481544 0.485714 0.481544 0.487395 0.479866 0.487395 0.478188 0.482353 0.478188 0.480672 0.476510 0.478992 0.476510
0 0.494118 0.469799 0.494118 0.471477 0.495798 0.471477 0.497479 0.473154 0.497479 0.474832 0.499160 0.476510 0.504202 0.476510 0.504202 0.473154 0.502521 0.473154 0.499160 0.469799
0 0.480672 0.464765 0.478992 0.463087 0.477311 0.463087 0.475630 0.464765 0.472269 0.464765 0.468908 0.468121 0.463866 0.468121 0.462185 0.466443 0.457143 0.466443 0.457143 0.468121 0.458824 0.469799 0.460504 0.469799 0.462185 0.468121 0.463866 0.469799 0.470588 0.469799 0.472269 0.468121 0.473950 0.469799 0.475630 0.469799 0.478992 0.466443 0.480672 0.466443
0 0.275630 0.273490 0.275630 0.275168 0.277311 0.276846 0.277311 0.278523 0.278992 0.278523 0.278992 0.276846 0.280672 0.275168 0.280672 0.273490
0 0.500840 0.223154 0.500840 0.224832 0.505882 0.229866 0.504202 0.231544 0.509244 0.234899 0.509244 0.236577 0.510924 0.238255 0.510924 0.241611 0.512605 0.243289 0.515966 0.243289 0.517647 0.244966 0.519328 0.244966 0.524370 0.241611 0.529412 0.241611 0.531092 0.243289 0.532773 0.243289 0.532773 0.241611 0.534454 0.239933 0.536134 0.239933 0.544538 0.234899 0.544538 0.233221 0.542857 0.233221 0.541176 0.231544 0.536134 0.231544 0.532773 0.228188 0.519328 0.228188 0.517647 0.226510 0.515966 0.226510 0.512605 0.223154
0 0.485714 0.219799 0.485714 0.221477 0.489076 0.221477 0.490756 0.223154 0.495798 0.223154 0.495798 0.221477 0.497479 0.219799 0.497479 0.218121 0.492437 0.218121 0.490756 0.216443 0.489076 0.216443 0.489076 0.218121 0.487395 0.219799
0 0.453782 0.214765 0.453782 0.218121 0.463866 0.218121 0.465546 0.216443 0.467227 0.216443 0.468908 0.218121 0.468908 0.219799 0.470588 0.219799 0.473950 0.223154 0.477311 0.223154 0.477311 0.219799 0.478992 0.218121 0.478992 0.216443 0.477311 0.214765 0.462185 0.214765 0.460504 0.213087 0.457143 0.213087 0.455462 0.214765
0 0.489076 0.194631 0.489076 0.196309 0.490756 0.197987 0.490756 0.199664 0.497479 0.199664 0.497479 0.197987 0.495798 0.197987 0.492437 0.194631
0 0.453782 0.187919 0.453782 0.189597 0.457143 0.192953 0.457143 0.194631 0.455462 0.196309 0.455462 0.197987 0.457143 0.199664 0.455462 0.201342 0.453782 0.201342 0.453782 0.203020 0.455462 0.203020 0.457143 0.201342 0.460504 0.201342 0.463866 0.206376 0.462185 0.208054 0.462185 0.209732 0.463866 0.209732 0.465546 0.211409 0.468908 0.211409 0.468908 0.208054 0.467227 0.206376 0.468908 0.204698 0.472269 0.204698 0.473950 0.203020 0.473950 0.201342 0.472269 0.199664 0.468908 0.199664 0.467227 0.197987 0.463866 0.197987 0.462185 0.196309 0.462185 0.194631 0.463866 0.192953 0.465546 0.192953 0.465546 0.191275 0.462185 0.191275 0.458824 0.187919
0 0.452101 0.172819 0.452101 0.176174 0.453782 0.177852 0.453782 0.179530 0.462185 0.179530 0.462185 0.177852 0.460504 0.177852 0.458824 0.176174 0.458824 0.171141 0.457143 0.171141 0.455462 0.172819
0 0.468908 0.161074 0.468908 0.162752 0.477311 0.162752 0.477311 0.161074
0 0.589916 0.070470 0.588235 0.072148 0.588235 0.075503 0.593277 0.075503 0.593277 0.073826 0.591597 0.072148 0.591597 0.070470
0 0.557983 0.062081 0.557983 0.063758 0.563025 0.063758 0.563025 0.062081
0 0.613445 0.062081 0.611765 0.058725 0.608403 0.058725 0.606723 0.057047 0.606723 0.053691 0.601681 0.053691 0.600000 0.050336 0.591597 0.050336 0.593277 0.055369 0.589916 0.057047 0.584874 0.062081 0.578151 0.058725 0.574790 0.058725 0.574790 0.060403 0.578151 0.062081 0.576471 0.063758 0.576471 0.067114 0.574790 0.068792 0.573109 0.067114 0.573109 0.063758 0.569748 0.065436 0.566387 0.063758 0.566387 0.067114 0.571429 0.072148 0.576471 0.073826 0.578151 0.072148 0.581513 0.072148 0.583193 0.070470 0.583193 0.067114 0.588235 0.063758 0.596639 0.063758 0.601681 0.067114 0.613445 0.067114
0 0.583193 0.050336 0.578151 0.050336 0.578151 0.052013 0.576471 0.053691 0.574790 0.052013 0.573109 0.052013 0.573109 0.053691 0.576471 0.053691 0.578151 0.052013 0.583193 0.052013
0 0.557983 0.050336 0.557983 0.052013 0.561345 0.052013 0.561345 0.050336
0 0.563025 0.045302 0.563025 0.046980 0.569748 0.046980 0.571429 0.048658 0.573109 0.048658 0.573109 0.046980 0.571429 0.045302 0.571429 0.043624 0.564706 0.043624
0 0.551261 0.038591 0.549580 0.038591 0.547899 0.036913 0.544538 0.036913 0.542857 0.038591 0.531092 0.038591 0.529412 0.040268 0.527731 0.040268 0.524370 0.043624 0.521008 0.043624 0.521008 0.046980 0.524370 0.046980 0.527731 0.052013 0.531092 0.052013 0.532773 0.053691 0.534454 0.053691 0.536134 0.055369 0.536134 0.057047 0.537815 0.057047 0.539496 0.058725 0.546218 0.058725 0.546218 0.053691 0.547899 0.052013 0.551261 0.052013 0.551261 0.050336 0.547899 0.050336 0.547899 0.052013 0.546218 0.053691 0.544538 0.053691 0.542857 0.052013 0.544538 0.050336 0.544538 0.046980 0.546218 0.045302 0.546218 0.043624 0.547899 0.041946 0.549580 0.041946 0.551261 0.040268
0 0.848739 0.005034 0.848739 0.008389 0.855462 0.008389 0.855462 0.006711 0.853782 0.005034