0 0.365320 0.684564 0.363636 0.686242 0.363636 0.689597 0.367003 0.689597 0.368687 0.691275 0.367003 0.692953 0.367003 0.694631 0.370370 0.697987 0.375421 0.697987 0.375421 0.696309 0.377104 0.694631 0.377104 0.691275 0.370370 0.691275 0.368687 0.689597 0.368687 0.686242 0.367003 0.684564
0 0.398990 0.677852 0.398990 0.679530 0.402357 0.679530 0.402357 0.677852
0 0.390572 0.666107 0.388889 0.666107 0.387205 0.667785 0.385522 0.667785 0.385522 0.671141 0.392256 0.671141 0.392256 0.669463 0.390572 0.667785
0 0.367003 0.666107 0.363636 0.666107 0.361953 0.667785 0.360269 0.667785 0.360269 0.669463 0.361953 0.669463 0.363636 0.667785 0.365320 0.669463 0.367003 0.669463
0 0.367003 0.662752 0.372054 0.662752 0.372054 0.661074 0.373737 0.659396 0.382155 0.659396 0.382155 0.657718 0.383838 0.656040 0.387205 0.656040 0.387205 0.652685 0.370370 0.652685 0.370370 0.654362 0.368687 0.656040 0.368687 0.657718 0.367003 0.659396
0 0.447811 0.525168 0.447811 0.526846 0.451178 0.526846 0.452862 0.528523 0.452862 0.530201 0.456229 0.530201 0.459596 0.533557 0.469697 0.533557 0.471380 0.535235 0.479798 0.535235 0.481481 0.536913 0.483165 0.536913 0.488215 0.533557 0.488215 0.531879 0.484848 0.531879 0.483165 0.530201 0.476431 0.530201 0.471380 0.526846 0.462963 0.526846 0.461279 0.528523 0.459596 0.526846 0.459596 0.525168 0.454545 0.525168 0.452862 0.526846 0.451178 0.525168
0 0.422559 0.521812 0.422559 0.523490 0.425926 0.526846 0.437710 0.526846 0.439394 0.525168 0.441077 0.526846 0.442761 0.526846 0.442761 0.523490 0.439394 0.523490 0.437710 0.521812 0.436027 0.521812 0.434343 0.520134 0.434343 0.518456 0.430976 0.518456 0.430976 0.520134 0.429293 0.521812 0.427609 0.520134 0.424242 0.520134
0 0.414141 0.511745 0.412458 0.511745 0.410774 0.513423 0.410774 0.515101 0.412458 0.515101 0.414141 0.513423
0 0.508418 0.510067 0.503367 0.510067 0.501684 0.511745 0.496633 0.511745 0.496633 0.513423 0.494949 0.515101 0.489899 0.515101 0.489899 0.516779 0.491582 0.518456 0.489899 0.520134 0.489899 0.521812 0.491582 0.523490 0.491582 0.528523 0.494949 0.531879 0.494949 0.533557 0.500000 0.535235 0.501684 0.536913 0.501684 0.538591 0.503367 0.538591 0.505051 0.536913 0.510101 0.536913 0.510101 0.533557 0.511785 0.531879 0.516835 0.531879 0.516835 0.526846 0.508418 0.526846 0.503367 0.523490 0.503367 0.521812 0.505051 0.520134 0.505051 0.516779 0.506734 0.515101 0.511785 0.513423 0.511785 0.511745 0.510101 0.511745
0 0.471380 0.491611 0.466330 0.491611 0.464646 0.489933 0.464646 0.488255 0.462963 0.488255 0.461279 0.486577 0.459596 0.486577 0.456229 0.489933 0.454545 0.489933 0.452862 0.491611 0.442761 0.491611 0.442761 0.493289 0.441077 0.494966 0.441077 0.496644 0.442761 0.496644 0.444444 0.498322 0.444444 0.503356 0.446128 0.503356 0.447811 0.501678 0.451178 0.505034 0.454545 0.505034 0.454545 0.503356 0.459596 0.498322 0.461279 0.498322 0.459596 0.496644 0.462963 0.493289 0.471380 0.493289
0 0.538721 0.476510 0.535354 0.476510 0.533670 0.478188 0.531987 0.478188 0.531987 0.479866 0.535354 0.479866 0.537037 0.478188 0.538721 0.478188