0 0.302521 0.971429 0.302521 0.973109 0.305882 0.973109 0.305882 0.971429
0 0.230252 0.813445 0.228571 0.813445 0.226891 0.815126 0.226891 0.816807 0.228571 0.816807 0.230252 0.815126
0 0.462185 0.779832 0.460504 0.779832 0.458824 0.781513 0.457143 0.781513 0.457143 0.784874 0.463866 0.784874 0.463866 0.783193 0.462185 0.781513
0 0.435294 0.757983 0.435294 0.759664 0.438655 0.759664 0.438655 0.757983
0 0.428571 0.751261 0.428571 0.754622 0.430252 0.756303 0.431933 0.756303 0.433613 0.754622 0.436975 0.754622 0.436975 0.752941 0.435294 0.751261 0.433613 0.751261 0.431933 0.752941 0.430252 0.751261
0 0.443697 0.742857 0.443697 0.744538 0.448739 0.744538 0.448739 0.742857
0 0.235294 0.603361 0.235294 0.605042 0.240336 0.605042 0.240336 0.603361 0.238655 0.601681 0.236975 0.601681
0 0.509244 0.536134 0.504202 0.536134 0.502521 0.537815 0.500840 0.537815 0.500840 0.541176 0.507563 0.541176 0.509244 0.539496
0 0.589916 0.534454 0.589916 0.539496 0.591597 0.539496 0.591597 0.534454
0 0.579832 0.534454 0.579832 0.536134 0.581513 0.536134 0.583193 0.537815 0.584874 0.537815 0.584874 0.534454
0 0.559664 0.537815 0.559664 0.539496 0.563025 0.539496 0.564706 0.541176 0.564706 0.542857 0.566387 0.542857 0.568067 0.544538 0.569748 0.544538 0.571429 0.542857 0.573109 0.544538 0.581513 0.544538 0.581513 0.542857 0.578151 0.542857 0.574790 0.539496 0.573109 0.539496 0.571429 0.541176 0.569748 0.539496 0.569748 0.536134 0.568067 0.534454 0.564706 0.534454 0.564706 0.536134 0.563025 0.537815
0 0.531092 0.536134 0.531092 0.537815 0.532773 0.539496 0.536134 0.539496 0.537815 0.541176 0.541176 0.541176 0.542857 0.539496 0.544538 0.539496 0.546218 0.541176 0.549580 0.541176 0.551261 0.539496 0.554622 0.539496 0.556303 0.537815 0.556303 0.534454 0.554622 0.534454 0.552941 0.532773 0.549580 0.532773 0.547899 0.534454 0.544538 0.531092 0.537815 0.531092 0.532773 0.536134
0 0.507563 0.529412 0.507563 0.532773 0.510924 0.532773 0.512605 0.534454 0.515966 0.534454 0.517647 0.536134 0.519328 0.536134 0.519328 0.534454 0.521008 0.532773 0.521008 0.531092 0.519328 0.531092 0.517647 0.529412 0.514286 0.529412 0.512605 0.527731 0.509244 0.527731
0 0.489076 0.524370 0.489076 0.526050 0.490756 0.527731 0.497479 0.527731 0.497479 0.526050 0.494118 0.526050 0.492437 0.524370
0 0.452101 0.515966 0.448739 0.515966 0.447059 0.517647 0.447059 0.519328 0.448739 0.519328 0.450420 0.517647 0.452101 0.517647
0 0.462185 0.504202 0.458824 0.500840 0.458824 0.499160 0.457143 0.499160 0.457143 0.500840 0.453782 0.504202 0.452101 0.504202 0.450420 0.505882 0.450420 0.507563 0.455462 0.507563 0.455462 0.505882 0.457143 0.504202 0.458824 0.505882 0.462185 0.505882
0 0.470588 0.495798 0.470588 0.497479 0.475630 0.497479 0.475630 0.495798
0 0.440336 0.487395 0.440336 0.489076 0.443697 0.489076 0.443697 0.487395
0 0.442017 0.465546 0.438655 0.465546 0.436975 0.463866 0.436975 0.462185 0.435294 0.460504 0.433613 0.460504 0.431933 0.462185 0.428571 0.462185 0.426891 0.463866 0.425210 0.463866 0.425210 0.465546 0.423529 0.467227 0.423529 0.468908 0.425210 0.470588 0.426891 0.470588 0.428571 0.472269 0.436975 0.472269 0.436975 0.470588 0.438655 0.468908 0.442017 0.468908
0 0.428571 0.445378 0.428571 0.447059 0.431933 0.447059 0.433613 0.448739 0.431933 0.450420 0.431933 0.453782 0.433613 0.453782 0.435294 0.452101 0.435294 0.448739 0.433613 0.448739 0.431933 0.447059 0.431933 0.445378
0 0.583193 0.321008 0.583193 0.322689 0.586555 0.322689 0.586555 0.321008
0 0.494118 0.321008 0.494118 0.322689 0.495798 0.324370 0.495798 0.326050 0.497479 0.326050 0.499160 0.327731 0.499160 0.329412 0.500840 0.331092 0.504202 0.331092 0.504202 0.329412 0.505882 0.327731 0.505882 0.326050 0.502521 0.322689 0.500840 0.322689 0.499160 0.321008
0 0.527731 0.309244 0.527731 0.310924 0.536134 0.310924 0.536134 0.307563 0.531092 0.307563 0.529412 0.309244
0 0.564706 0.305882 0.564706 0.307563 0.566387 0.307563 0.568067 0.309244 0.571429 0.309244 0.571429 0.307563 0.569748 0.307563 0.568067 0.305882
0 0.169748 0.228571 0.169748 0.230252 0.171429 0.231933 0.171429 0.233613 0.174790 0.233613 0.174790 0.231933 0.173109 0.231933 0.171429 0.230252 0.171429 0.228571
0 0.842017 0.179832 0.842017 0.181513 0.848739 0.181513 0.848739 0.179832 0.847059 0.178151 0.843697 0.178151
0 0.803361 0.176471 0.803361 0.179832 0.805042 0.181513 0.805042 0.183193 0.815126 0.183193 0.816807 0.184874 0.821849 0.184874 0.823529 0.186555 0.826891 0.186555 0.826891 0.184874 0.825210 0.183193 0.825210 0.179832 0.821849 0.179832 0.821849 0.181513 0.820168 0.183193 0.816807 0.183193 0.815126 0.181513 0.815126 0.178151 0.813445 0.178151 0.811765 0.176471 0.810084 0.176471 0.808403 0.178151 0.806723 0.176471
0 0.823529 0.168067 0.821849 0.166387 0.818487 0.166387 0.818487 0.168067 0.816807 0.169748 0.815126 0.169748 0.815126 0.171429 0.820168 0.171429 0.821849 0.169748 0.823529 0.169748
0 0.806723 0.161345 0.806723 0.168067 0.810084 0.168067 0.811765 0.166387 0.815126 0.166387 0.815126 0.161345
0 0.186555 0.142857 0.186555 0.144538 0.189916 0.144538 0.189916 0.142857
0 0.181513 0.122689 0.181513 0.124370 0.184874 0.124370 0.186555 0.126050 0.186555 0.127731 0.189916 0.127731 0.189916 0.126050 0.188235 0.124370 0.188235 0.122689 0.186555 0.121008 0.183193 0.121008
0 0.588235 0.110924 0.588235 0.112605 0.591597 0.112605 0.591597 0.110924
0 0.791597 0.109244 0.791597 0.110924 0.794958 0.110924 0.794958 0.109244
0 0.613445 0.105882 0.613445 0.107563 0.620168 0.107563 0.620168 0.105882
0 0.605042 0.099160 0.605042 0.100840 0.606723 0.102521 0.611765 0.102521 0.613445 0.100840 0.615126 0.100840 0.615126 0.099160 0.613445 0.099160 0.611765 0.097479 0.608403 0.097479 0.606723 0.099160
0 0.536134 0.095798 0.536134 0.099160 0.537815 0.099160 0.539496 0.100840 0.539496 0.102521 0.541176 0.102521 0.542857 0.104202 0.544538 0.104202 0.544538 0.099160 0.542857 0.097479 0.542857 0.094118 0.541176 0.094118 0.539496 0.095798
0 0.168067 0.095798 0.168067 0.099160 0.171429 0.099160 0.173109 0.100840 0.176471 0.100840 0.176471 0.099160 0.174790 0.097479 0.174790 0.095798 0.173109 0.094118 0.169748 0.094118
0 0.635294 0.092437 0.633613 0.092437 0.631933 0.094118 0.630252 0.094118 0.630252 0.095798 0.635294 0.095798
0 0.601681 0.092437 0.601681 0.094118 0.603361 0.095798 0.605042 0.095798 0.605042 0.092437
0 0.781513 0.084034 0.779832 0.085714 0.779832 0.087395 0.778151 0.089076 0.778151 0.090756 0.779832 0.092437 0.779832 0.094118 0.784874 0.094118 0.786555 0.095798 0.786555 0.097479 0.788235 0.097479 0.788235 0.095798 0.789916 0.094118 0.791597 0.094118 0.791597 0.092437 0.788235 0.092437 0.784874 0.089076 0.786555 0.087395 0.789916 0.087395 0.789916 0.085714 0.788235 0.085714 0.786555 0.084034
0 0.606723 0.085714 0.606723 0.087395 0.608403 0.089076 0.611765 0.089076 0.613445 0.090756 0.615126 0.090756 0.615126 0.089076 0.613445 0.087395 0.613445 0.084034 0.610084 0.084034 0.608403 0.085714
0 0.512605 0.084034 0.505882 0.084034 0.505882 0.085714 0.504202 0.087395 0.504202 0.089076 0.505882 0.090756 0.505882 0.092437 0.504202 0.094118 0.504202 0.095798 0.507563 0.095798 0.507563 0.094118 0.509244 0.092437 0.510924 0.092437 0.510924 0.087395 0.512605 0.085714
0 0.626891 0.078992 0.626891 0.080672 0.630252 0.080672 0.631933 0.082353 0.636975 0.082353 0.640336 0.078992 0.642017 0.080672 0.642017 0.084034 0.645378 0.084034 0.647059 0.082353 0.647059 0.077311 0.633613 0.077311 0.631933 0.078992
0 0.584874 0.073950 0.584874 0.075630 0.583193 0.077311 0.583193 0.078992 0.584874 0.080672 0.589916 0.080672 0.589916 0.078992 0.588235 0.077311 0.588235 0.073950
0 0.529412 0.072269 0.524370 0.072269 0.522689 0.073950 0.519328 0.073950 0.519328 0.075630 0.517647 0.077311 0.514286 0.077311 0.514286 0.080672 0.521008 0.080672 0.521008 0.078992 0.519328 0.078992 0.517647 0.077311 0.519328 0.075630 0.529412 0.075630
0 0.552941 0.067227 0.552941 0.072269 0.556303 0.072269 0.557983 0.070588 0.557983 0.068908 0.556303 0.068908 0.554622 0.067227
0 0.573109 0.063866 0.569748 0.063866 0.568067 0.065546 0.568067 0.067227 0.566387 0.068908 0.566387 0.070588 0.568067 0.072269 0.571429 0.072269 0.571429 0.067227 0.573109 0.065546
0 0.761345 0.058824 0.761345 0.063866 0.759664 0.065546 0.759664 0.067227 0.768067 0.067227 0.769748 0.065546 0.769748 0.063866 0.766387 0.060504 0.766387 0.058824
0 0.556303 0.055462 0.554622 0.057143 0.554622 0.060504 0.556303 0.062185 0.559664 0.062185 0.559664 0.060504 0.561345 0.058824 0.561345 0.057143 0.559664 0.055462
0 0.594958 0.052101 0.594958 0.053782 0.605042 0.053782 0.605042 0.052101 0.600000 0.052101 0.598319 0.050420 0.596639 0.050420
0 0.610084 0.036975 0.606723 0.036975 0.605042 0.038655 0.603361 0.038655 0.601681 0.040336 0.600000 0.040336 0.598319 0.042017 0.593277 0.042017 0.593277 0.043697 0.591597 0.045378 0.591597 0.047059 0.594958 0.047059 0.596639 0.045378 0.598319 0.047059 0.600000 0.047059 0.601681 0.045378 0.605042 0.045378 0.606723 0.043697 0.608403 0.043697 0.608403 0.042017 0.610084 0.040336