0 0.509244 0.525168 0.509244 0.526846 0.512605 0.526846 0.512605 0.525168
0 0.475630 0.506711 0.475630 0.508389 0.477311 0.508389 0.478992 0.510067 0.478992 0.511745 0.477311 0.513423 0.475630 0.511745 0.472269 0.511745 0.472269 0.516779 0.473950 0.518456 0.473950 0.521812 0.475630 0.523490 0.484034 0.523490 0.485714 0.521812 0.487395 0.521812 0.487395 0.520134 0.485714 0.518456 0.485714 0.516779 0.487395 0.515101 0.487395 0.513423 0.485714 0.513423 0.482353 0.510067 0.480672 0.510067 0.478992 0.508389 0.478992 0.506711
0 0.440336 0.493289 0.440336 0.494966 0.443697 0.494966 0.443697 0.493289
0 0.484034 0.486577 0.484034 0.488255 0.485714 0.489933 0.489076 0.489933 0.489076 0.486577
0 0.447059 0.491611 0.447059 0.496644 0.448739 0.498322 0.448739 0.500000 0.453782 0.505034 0.453782 0.506711 0.458824 0.506711 0.460504 0.508389 0.463866 0.508389 0.465546 0.510067 0.467227 0.510067 0.468908 0.508389 0.472269 0.508389 0.472269 0.505034 0.470588 0.503356 0.467227 0.503356 0.465546 0.501678 0.463866 0.501678 0.462185 0.500000 0.462185 0.498322 0.460504 0.496644 0.460504 0.488255 0.458824 0.488255 0.457143 0.486577 0.455462 0.486577 0.453782 0.488255 0.452101 0.488255 0.448739 0.491611
0 0.457143 0.473154 0.455462 0.473154 0.453782 0.471477 0.452101 0.471477 0.452101 0.473154 0.450420 0.474832 0.450420 0.476510 0.448739 0.478188 0.447059 0.478188 0.447059 0.479866 0.455462 0.479866 0.455462 0.478188 0.453782 0.476510 0.455462 0.474832 0.457143 0.474832
0 0.470588 0.464765 0.467227 0.464765 0.467227 0.469799 0.468908 0.469799 0.468908 0.468121 0.470588 0.466443
0 0.478992 0.463087 0.475630 0.463087 0.473950 0.464765 0.473950 0.466443 0.475630 0.466443 0.477311 0.464765 0.478992 0.464765
0 0.542857 0.231544 0.537815 0.228188 0.532773 0.229866 0.534454 0.234899 0.532773 0.236577 0.529412 0.236577 0.529412 0.238255 0.527731 0.239933 0.515966 0.239933 0.514286 0.238255 0.510924 0.238255 0.509244 0.239933 0.504202 0.239933 0.504202 0.243289 0.505882 0.244966 0.505882 0.248322 0.507563 0.248322 0.509244 0.250000 0.514286 0.250000 0.519328 0.244966 0.531092 0.244966 0.532773 0.243289 0.534454 0.243289 0.537815 0.239933 0.539496 0.239933 0.539496 0.238255 0.537815 0.236577 0.539496 0.234899 0.541176 0.234899 0.542857 0.233221
0 0.509244 0.226510 0.502521 0.228188 0.500840 0.226510 0.492437 0.226510 0.484034 0.229866 0.480672 0.228188 0.477311 0.229866 0.478992 0.234899 0.467227 0.239933 0.463866 0.244966 0.458824 0.244966 0.452101 0.248322 0.445378 0.256711 0.435294 0.258389 0.431933 0.265101 0.430252 0.260067 0.428571 0.260067 0.426891 0.265101 0.425210 0.261745 0.420168 0.263423 0.421849 0.266779 0.428571 0.265101 0.431933 0.266779 0.433613 0.263423 0.436975 0.266779 0.445378 0.263423 0.447059 0.260067 0.450420 0.261745 0.460504 0.260067 0.463866 0.255034 0.467227 0.256711 0.473950 0.255034 0.482353 0.256711 0.484034 0.251678 0.490756 0.251678 0.490756 0.241611 0.497479 0.238255 0.497479 0.233221 0.504202 0.229866 0.509244 0.229866
0 0.487395 0.218121 0.487395 0.219799 0.489076 0.221477 0.490756 0.221477 0.490756 0.218121
0 0.465546 0.214765 0.465546 0.216443 0.467227 0.216443 0.468908 0.218121 0.465546 0.221477 0.467227 0.223154 0.467227 0.224832 0.470588 0.224832 0.472269 0.223154 0.475630 0.223154 0.475630 0.221477 0.477311 0.219799 0.477311 0.218121 0.475630 0.216443 0.475630 0.214765 0.473950 0.214765 0.473950 0.216443 0.472269 0.218121 0.468908 0.218121 0.467227 0.216443 0.467227 0.214765
0 0.453782 0.214765 0.453782 0.218121 0.455462 0.218121 0.457143 0.216443 0.460504 0.216443 0.460504 0.214765 0.458824 0.214765 0.457143 0.213087 0.455462 0.213087
0 0.462185 0.209732 0.462185 0.211409 0.467227 0.211409 0.467227 0.209732
0 0.473950 0.199664 0.470588 0.199664 0.470588 0.203020 0.472269 0.203020 0.473950 0.201342
0 0.485714 0.192953 0.485714 0.194631 0.487395 0.194631 0.489076 0.196309 0.490756 0.196309 0.492437 0.197987 0.495798 0.197987 0.492437 0.197987 0.490756 0.196309 0.490756 0.194631 0.489076 0.192953
0 0.457143 0.184564 0.455462 0.186242 0.455462 0.187919 0.457143 0.189597 0.457143 0.191275 0.455462 0.192953 0.453782 0.192953 0.453782 0.194631 0.452101 0.196309 0.452101 0.197987 0.450420 0.199664 0.450420 0.201342 0.453782 0.201342 0.455462 0.199664 0.458824 0.203020 0.462185 0.203020 0.463866 0.204698 0.467227 0.204698 0.467227 0.203020 0.465546 0.203020 0.462185 0.199664 0.458824 0.199664 0.457143 0.197987 0.458824 0.196309 0.460504 0.196309 0.462185 0.194631 0.462185 0.191275 0.458824 0.187919 0.458824 0.184564
0 0.485714 0.177852 0.485714 0.181208 0.492437 0.181208 0.492437 0.177852 0.490756 0.177852 0.489076 0.176174 0.487395 0.176174
0 0.445378 0.171141 0.445378 0.172819 0.447059 0.174497 0.447059 0.176174 0.445378 0.177852 0.445378 0.182886 0.453782 0.182886 0.453782 0.181208 0.452101 0.179530 0.452101 0.176174 0.450420 0.176174 0.448739 0.174497 0.450420 0.172819 0.448739 0.171141
0 0.470588 0.161074 0.468908 0.161074 0.467227 0.162752 0.467227 0.164430 0.470588 0.164430
0 0.573109 0.053691 0.576471 0.053691 0.578151 0.052013 0.581513 0.052013 0.581513 0.050336 0.576471 0.050336 0.574790 0.052013 0.573109 0.052013
0 0.564706 0.046980 0.564706 0.048658 0.566387 0.050336 0.566387 0.052013 0.568067 0.052013 0.568067 0.050336 0.566387 0.048658 0.566387 0.046980
0 0.557983 0.046980 0.557983 0.048658 0.561345 0.048658 0.561345 0.046980
0 0.613445 0.063758 0.611765 0.062081 0.611765 0.057047 0.608403 0.055369 0.608403 0.052013 0.605042 0.048658 0.594958 0.048658 0.593277 0.045302 0.591597 0.045302 0.589916 0.050336 0.598319 0.053691 0.603361 0.053691 0.606723 0.057047 0.606723 0.062081 0.605042 0.063758 0.593277 0.058725 0.588235 0.060403 0.588235 0.063758 0.584874 0.068792 0.578151 0.067114 0.576471 0.070470 0.569748 0.065436 0.566387 0.065436 0.564706 0.062081 0.556303 0.062081 0.551261 0.063758 0.554622 0.070470 0.557983 0.070470 0.564706 0.078859 0.569748 0.077181 0.573109 0.082215 0.578151 0.082215 0.588235 0.075503 0.594958 0.075503 0.594958 0.070470 0.596639 0.068792 0.598319 0.072148 0.601681 0.070470 0.603361 0.072148 0.611765 0.072148
0 0.547899 0.036913 0.537815 0.036913 0.536134 0.038591 0.534454 0.036913 0.529412 0.036913 0.529412 0.038591 0.527731 0.040268 0.526050 0.040268 0.526050 0.041946 0.524370 0.043624 0.521008 0.043624 0.522689 0.048658 0.526050 0.048658 0.527731 0.050336 0.527731 0.057047 0.529412 0.057047 0.531092 0.058725 0.531092 0.062081 0.529412 0.063758 0.526050 0.063758 0.526050 0.065436 0.531092 0.065436 0.531092 0.063758 0.532773 0.062081 0.536134 0.062081 0.536134 0.057047 0.537815 0.055369 0.531092 0.048658 0.526050 0.046980 0.524370 0.045302 0.524370 0.043624 0.526050 0.041946 0.527731 0.043624 0.531092 0.043624 0.531092 0.041946 0.532773 0.040268 0.534454 0.040268 0.536134 0.041946 0.536134 0.043624 0.541176 0.043624 0.546218 0.038591 0.547899 0.038591