0 0.946218 0.918624 0.003361 0.005034
0 0.666387 0.489933 0.078992 0.030201
0 0.622689 0.471477 0.005042 0.003356
0 0.723529 0.468960 0.011765 0.008389
0 0.500000 0.464765 0.005042 0.003356
0 0.473950 0.469799 0.020168 0.013423
0 0.775630 0.448826 0.011765 0.008389
0 0.745378 0.446309 0.005042 0.003356
0 0.758824 0.445470 0.015126 0.005034
0 0.592437 0.453859 0.028571 0.028523
0 0.744538 0.432047 0.006723 0.005034
0 0.712605 0.423658 0.006723 0.005034
0 0.704202 0.418624 0.003361 0.005034
0 0.742017 0.413591 0.008403 0.005034
0 0.718487 0.406040 0.011765 0.006711
0 0.766387 0.416946 0.030252 0.035235
0 0.663866 0.390940 0.087395 0.033557
0 0.602521 0.374161 0.035294 0.010067
0 0.558824 0.372483 0.005042 0.006711
0 0.571429 0.369128 0.016807 0.006711
0 0.528571 0.369966 0.052101 0.018456