0 0.484034 0.518456 0.484034 0.520134 0.485714 0.521812 0.485714 0.523490 0.482353 0.526846 0.480672 0.526846 0.480672 0.528523 0.482353 0.530201 0.482353 0.531879 0.484034 0.531879 0.487395 0.535235 0.489076 0.535235 0.490756 0.533557 0.492437 0.535235 0.497479 0.535235 0.499160 0.536913 0.504202 0.536913 0.502521 0.535235 0.500840 0.535235 0.499160 0.533557 0.497479 0.533557 0.495798 0.531879 0.497479 0.530201 0.497479 0.528523 0.487395 0.528523 0.485714 0.526846 0.487395 0.525168 0.489076 0.525168 0.490756 0.523490 0.490756 0.521812 0.489076 0.520134 0.487395 0.520134 0.485714 0.518456
0 0.480672 0.510067 0.480672 0.511745 0.484034 0.511745 0.484034 0.510067
0 0.467227 0.506711 0.467227 0.508389 0.465546 0.510067 0.465546 0.513423 0.463866 0.515101 0.462185 0.515101 0.462185 0.518456 0.467227 0.518456 0.468908 0.520134 0.477311 0.520134 0.478992 0.518456 0.478992 0.516779 0.477311 0.515101 0.475630 0.515101 0.473950 0.513423 0.473950 0.511745 0.475630 0.510067 0.475630 0.508389 0.473950 0.508389 0.472269 0.506711
0 0.430252 0.501678 0.426891 0.501678 0.426891 0.505034 0.428571 0.505034 0.430252 0.503356
0 0.462185 0.489933 0.460504 0.489933 0.458824 0.491611 0.458824 0.494966 0.460504 0.496644 0.460504 0.498322 0.458824 0.500000 0.458824 0.501678 0.462185 0.501678 0.463866 0.500000 0.463866 0.498322 0.465546 0.496644 0.463866 0.494966 0.463866 0.493289 0.462185 0.491611
0 0.462185 0.481544 0.458824 0.481544 0.458824 0.484899 0.460504 0.484899 0.462185 0.483221
0 0.378151 0.474832 0.378151 0.479866 0.379832 0.481544 0.381513 0.481544 0.383193 0.479866 0.384874 0.479866 0.384874 0.478188 0.381513 0.478188 0.379832 0.476510 0.379832 0.474832
0 0.500840 0.471477 0.500840 0.474832 0.502521 0.474832 0.502521 0.471477
0 0.500840 0.454698 0.499160 0.456376 0.499160 0.464765 0.497479 0.466443 0.495798 0.466443 0.499160 0.466443 0.500840 0.468121 0.509244 0.468121 0.509244 0.464765 0.507563 0.463087 0.507563 0.459732 0.509244 0.458054 0.507563 0.456376 0.504202 0.456376 0.502521 0.454698
0 0.482353 0.454698 0.480672 0.453020 0.478992 0.453020 0.477311 0.454698 0.473950 0.454698 0.473950 0.456376 0.472269 0.458054 0.470588 0.458054 0.468908 0.459732 0.467227 0.459732 0.465546 0.461409 0.463866 0.459732 0.462185 0.459732 0.460504 0.461409 0.458824 0.461409 0.458824 0.464765 0.457143 0.466443 0.457143 0.471477 0.458824 0.471477 0.460504 0.469799 0.462185 0.469799 0.462185 0.468121 0.460504 0.466443 0.463866 0.463087 0.467227 0.463087 0.470588 0.459732 0.478992 0.459732 0.478992 0.458054 0.480672 0.456376 0.482353 0.456376
0 0.497479 0.449664 0.494118 0.449664 0.492437 0.451342 0.489076 0.451342 0.487395 0.453020 0.485714 0.453020 0.487395 0.454698 0.495798 0.454698 0.497479 0.453020