0 0.480672 0.518456 0.013445 0.013423
0 0.457983 0.498322 0.028571 0.026846
0 0.454622 0.474832 0.005042 0.003356
0 0.469748 0.468960 0.005042 0.005034
0 0.279832 0.279362 0.005042 0.005034
0 0.510084 0.245805 0.011765 0.011745
0 0.531092 0.239933 0.026891 0.026846
0 0.482353 0.238255 0.053782 0.036913
0 0.152101 0.221477 0.005042 0.003356
0 0.489916 0.220638 0.008403 0.005034
0 0.456303 0.214765 0.005042 0.003356
0 0.489916 0.203020 0.005042 0.003356
0 0.466387 0.202181 0.015126 0.005034
0 0.489916 0.195470 0.005042 0.005034
0 0.456303 0.196309 0.011765 0.010067
0 0.450420 0.183725 0.010084 0.005034
0 0.491597 0.178691 0.011765 0.005034
0 0.447059 0.175336 0.010084 0.008389
0 0.581513 0.070470 0.070588 0.020134
0 0.600000 0.050336 0.016807 0.010067
0 0.529412 0.051174 0.016807 0.021812
0 0.547059 0.038591 0.015126 0.006711