0 0.035354 0.543624 0.035354 0.545302 0.038721 0.545302 0.038721 0.543624
0 0.808081 0.520134 0.804714 0.520134 0.804714 0.521812 0.803030 0.523490 0.803030 0.525168 0.801347 0.526846 0.799663 0.526846 0.797980 0.528523 0.797980 0.531879 0.796296 0.533557 0.796296 0.535235 0.797980 0.536913 0.797980 0.538591 0.799663 0.540268 0.806397 0.540268 0.806397 0.533557 0.804714 0.531879 0.804714 0.530201 0.806397 0.528523 0.806397 0.525168 0.808081 0.523490
0 0.833333 0.516779 0.829966 0.516779 0.829966 0.518456 0.828283 0.520134 0.828283 0.521812 0.826599 0.523490 0.824916 0.523490 0.823232 0.521812 0.823232 0.520134 0.821549 0.520134 0.821549 0.521812 0.823232 0.521812 0.824916 0.523490 0.824916 0.528523 0.823232 0.530201 0.821549 0.530201 0.821549 0.531879 0.824916 0.531879 0.826599 0.533557 0.828283 0.533557 0.831650 0.530201 0.831650 0.528523 0.829966 0.528523 0.828283 0.526846 0.829966 0.525168 0.829966 0.523490 0.831650 0.521812 0.835017 0.521812 0.835017 0.520134 0.833333 0.518456
0 0.555556 0.471477 0.555556 0.474832 0.557239 0.474832 0.557239 0.471477
0 0.547138 0.456376 0.545455 0.456376 0.545455 0.463087 0.542088 0.466443 0.542088 0.468121 0.540404 0.469799 0.538721 0.469799 0.538721 0.471477 0.542088 0.471477 0.543771 0.473154 0.545455 0.473154 0.547138 0.471477 0.552189 0.471477 0.552189 0.469799 0.548822 0.469799 0.547138 0.468121 0.547138 0.466443 0.550505 0.463087 0.550505 0.459732 0.548822 0.459732 0.547138 0.458054
0 0.471380 0.151007 0.478114 0.156040 0.479798 0.161074 0.493266 0.159396 0.498316 0.162752 0.508418 0.156040 0.510101 0.157718 0.520202 0.156040 0.518519 0.151007 0.525253 0.147651 0.530303 0.151007 0.528620 0.156040 0.533670 0.156040 0.540404 0.140940 0.523569 0.139262 0.516835 0.135906 0.513468 0.137584 0.510101 0.135906 0.508418 0.139262 0.506734 0.135906 0.503367 0.135906 0.500000 0.139262 0.494949 0.139262 0.494949 0.140940 0.516835 0.139262 0.526936 0.144295 0.523569 0.147651 0.511785 0.149329 0.508418 0.145973 0.511785 0.149329 0.501684 0.156040 0.496633 0.154362 0.493266 0.157718 0.481481 0.156040 0.479798 0.154362 0.481481 0.151007 0.478114 0.149329 0.471380 0.149329
0 0.486532 0.134228 0.486532 0.135906 0.491582 0.135906 0.491582 0.134228 0.489899 0.132550 0.488215 0.132550
0 0.447811 0.119128 0.446128 0.119128 0.444444 0.117450 0.444444 0.115772 0.434343 0.115772 0.430976 0.119128 0.430976 0.122483 0.429293 0.124161 0.427609 0.124161 0.425926 0.125839 0.425926 0.127517 0.427609 0.127517 0.429293 0.129195 0.429293 0.130872 0.427609 0.132550 0.427609 0.134228 0.429293 0.134228 0.430976 0.132550 0.432660 0.132550 0.432660 0.130872 0.430976 0.129195 0.432660 0.127517 0.432660 0.125839 0.434343 0.124161 0.436027 0.124161 0.436027 0.122483 0.437710 0.120805 0.439394 0.122483 0.439394 0.124161 0.441077 0.124161 0.442761 0.122483 0.447811 0.122483
0 0.501684 0.114094 0.501684 0.115772 0.505051 0.115772 0.505051 0.114094
0 0.543771 0.102349 0.538721 0.102349 0.537037 0.104027 0.535354 0.102349 0.533670 0.102349 0.531987 0.100671 0.530303 0.100671 0.530303 0.102349 0.531987 0.104027 0.530303 0.105705 0.528620 0.105705 0.526936 0.107383 0.525253 0.107383 0.525253 0.112416 0.523569 0.114094 0.521886 0.114094 0.521886 0.115772 0.520202 0.117450 0.518519 0.117450 0.516835 0.119128 0.513468 0.119128 0.513468 0.120805 0.518519 0.124161 0.520202 0.124161 0.521886 0.122483 0.523569 0.122483 0.523569 0.120805 0.521886 0.120805 0.520202 0.119128 0.520202 0.117450 0.521886 0.115772 0.523569 0.115772 0.523569 0.114094 0.525253 0.112416 0.528620 0.112416 0.530303 0.114094 0.531987 0.114094 0.533670 0.112416 0.535354 0.112416 0.535354 0.109060 0.537037 0.107383 0.538721 0.107383 0.542088 0.104027 0.543771 0.104027
0 0.525253 0.098993 0.521886 0.098993 0.520202 0.100671 0.520202 0.102349 0.523569 0.102349 0.525253 0.100671
0 0.500000 0.095638 0.501684 0.097315 0.500000 0.098993 0.500000 0.102349 0.501684 0.104027 0.501684 0.105705 0.506734 0.105705 0.508418 0.104027 0.510101 0.105705 0.510101 0.107383 0.513468 0.107383 0.515152 0.105705 0.515152 0.104027 0.513468 0.104027 0.511785 0.105705 0.510101 0.105705 0.508418 0.104027 0.508418 0.102349 0.511785 0.098993 0.510101 0.098993 0.506734 0.095638 0.505051 0.095638 0.503367 0.097315 0.501684 0.095638
0 0.494949 0.093960 0.491582 0.093960 0.491582 0.095638 0.493266 0.097315 0.489899 0.100671 0.489899 0.102349 0.491582 0.104027 0.491582 0.107383 0.489899 0.109060 0.489899 0.115772 0.491582 0.115772 0.493266 0.114094 0.494949 0.114094 0.494949 0.109060 0.496633 0.107383 0.496633 0.102349 0.494949 0.100671