0 0.431933 0.751261 0.431933 0.752941 0.435294 0.752941 0.435294 0.751261
0 0.500840 0.537815 0.500840 0.539496 0.502521 0.539496 0.504202 0.541176 0.504202 0.542857 0.505882 0.542857 0.505882 0.541176 0.504202 0.539496 0.504202 0.537815
0 0.552941 0.536134 0.552941 0.537815 0.557983 0.537815 0.557983 0.536134
0 0.426891 0.463866 0.426891 0.465546 0.431933 0.465546 0.431933 0.463866
0 0.426891 0.447059 0.426891 0.448739 0.431933 0.448739 0.431933 0.447059 0.430252 0.445378 0.428571 0.445378
0 0.569748 0.305882 0.566387 0.305882 0.566387 0.307563 0.564706 0.309244 0.564706 0.310924 0.568067 0.310924 0.568067 0.309244 0.569748 0.307563
0 0.808403 0.178151 0.808403 0.179832 0.813445 0.179832 0.813445 0.178151
0 0.810084 0.164706 0.806723 0.164706 0.806723 0.168067 0.808403 0.168067 0.810084 0.166387
0 0.791597 0.110924 0.791597 0.112605 0.794958 0.112605 0.794958 0.110924
0 0.605042 0.099160 0.605042 0.100840 0.610084 0.100840 0.610084 0.099160
0 0.519328 0.097479 0.519328 0.099160 0.522689 0.099160 0.522689 0.097479
0 0.546218 0.095798 0.542857 0.095798 0.541176 0.094118 0.539496 0.094118 0.537815 0.095798 0.536134 0.095798 0.534454 0.097479 0.532773 0.097479 0.532773 0.099160 0.534454 0.099160 0.537815 0.102521 0.541176 0.102521 0.541176 0.100840 0.539496 0.099160 0.539496 0.097479 0.541176 0.095798 0.542857 0.097479 0.546218 0.097479
0 0.515966 0.082353 0.509244 0.082353 0.507563 0.084034 0.507563 0.085714 0.505882 0.087395 0.502521 0.087395 0.502521 0.089076 0.504202 0.090756 0.504202 0.092437 0.507563 0.092437 0.509244 0.090756 0.510924 0.090756 0.510924 0.085714 0.512605 0.084034 0.515966 0.084034
0 0.635294 0.077311 0.635294 0.078992 0.638655 0.078992 0.638655 0.077311
0 0.581513 0.077311 0.581513 0.078992 0.583193 0.080672 0.591597 0.080672 0.591597 0.078992 0.589916 0.077311 0.589916 0.075630 0.584874 0.075630 0.583193 0.077311
0 0.621849 0.073950 0.621849 0.077311 0.620168 0.078992 0.620168 0.080672 0.630252 0.080672 0.630252 0.078992 0.628571 0.077311 0.626891 0.077311 0.625210 0.075630 0.625210 0.073950
0 0.521008 0.072269 0.521008 0.073950 0.524370 0.073950 0.524370 0.072269
0 0.554622 0.068908 0.554622 0.070588 0.557983 0.070588 0.557983 0.068908
0 0.573109 0.063866 0.568067 0.063866 0.568067 0.065546 0.564706 0.068908 0.563025 0.068908 0.563025 0.070588 0.569748 0.070588 0.569748 0.068908 0.571429 0.067227 0.573109 0.067227
0 0.768067 0.060504 0.764706 0.060504 0.763025 0.062185 0.759664 0.062185 0.757983 0.063866 0.754622 0.063866 0.754622 0.065546 0.764706 0.065546 0.766387 0.067227 0.766387 0.068908 0.768067 0.068908
0 0.554622 0.055462 0.554622 0.057143 0.557983 0.057143 0.557983 0.055462
0 0.594958 0.052101 0.594958 0.053782 0.598319 0.053782 0.598319 0.052101
0 0.568067 0.047059 0.568067 0.048739 0.571429 0.048739 0.571429 0.047059
0 0.583193 0.036975 0.583193 0.038655 0.586555 0.042017 0.589916 0.042017 0.593277 0.045378 0.594958 0.045378 0.596639 0.043697 0.598319 0.043697 0.600000 0.045378 0.603361 0.045378 0.605042 0.043697 0.606723 0.043697 0.608403 0.042017 0.613445 0.042017 0.613445 0.040336 0.611765 0.038655 0.611765 0.036975 0.606723 0.036975 0.603361 0.033613 0.588235 0.033613 0.586555 0.035294 0.584874 0.035294