0 0.687395 0.869128 0.687395 0.870805 0.690756 0.870805 0.690756 0.869128
0 0.811765 0.803691 0.811765 0.805369 0.813445 0.805369 0.815126 0.807047 0.816807 0.807047 0.816807 0.805369 0.815126 0.805369 0.813445 0.803691
0 0.457143 0.459732 0.455462 0.459732 0.453782 0.461409 0.450420 0.461409 0.448739 0.463087 0.448739 0.464765 0.450420 0.466443 0.450420 0.468121 0.452101 0.468121 0.453782 0.469799 0.453782 0.471477 0.455462 0.471477 0.455462 0.468121 0.453782 0.466443 0.453782 0.464765 0.455462 0.463087 0.457143 0.464765 0.460504 0.464765 0.458824 0.464765 0.457143 0.463087
0 0.505882 0.458054 0.499160 0.458054 0.497479 0.459732 0.495798 0.459732 0.492437 0.463087 0.492437 0.464765 0.490756 0.466443 0.490756 0.474832 0.495798 0.474832 0.497479 0.476510 0.499160 0.476510 0.499160 0.474832 0.497479 0.473154 0.497479 0.466443 0.500840 0.463087 0.505882 0.463087
0 0.495798 0.436242 0.494118 0.434564 0.480672 0.434564 0.478992 0.436242 0.477311 0.436242 0.477311 0.439597 0.478992 0.441275 0.477311 0.442953 0.472269 0.442953 0.470588 0.444631 0.470588 0.446309 0.472269 0.446309 0.473950 0.447987 0.472269 0.449664 0.480672 0.449664 0.482353 0.451342 0.484034 0.451342 0.484034 0.449664 0.482353 0.447987 0.484034 0.446309 0.485714 0.446309 0.489076 0.442953 0.490756 0.444631 0.494118 0.444631 0.494118 0.442953 0.492437 0.441275 0.492437 0.439597 0.494118 0.437919 0.495798 0.437919
0 0.986555 0.338926 0.986555 0.343960 0.988235 0.343960 0.988235 0.338926
0 0.764706 0.246644 0.764706 0.250000 0.766387 0.251678 0.768067 0.251678 0.769748 0.250000 0.769748 0.248322 0.768067 0.248322 0.766387 0.246644
0 0.887395 0.145973 0.887395 0.147651 0.892437 0.147651 0.892437 0.145973
0 0.779832 0.134228 0.779832 0.135906 0.783193 0.135906 0.783193 0.134228
0 0.954622 0.088926 0.954622 0.090604 0.959664 0.090604 0.959664 0.088926
0 0.843697 0.068792 0.843697 0.070470 0.845378 0.072148 0.847059 0.072148 0.847059 0.070470 0.845378 0.068792
0 0.847059 0.046980 0.847059 0.052013 0.850420 0.052013 0.850420 0.046980