0 0.569748 0.563758 0.569748 0.565436 0.576471 0.565436 0.576471 0.563758
0 0.512605 0.562081 0.512605 0.563758 0.515966 0.563758 0.515966 0.562081
0 0.452101 0.582215 0.457143 0.580537 0.470588 0.582215 0.472269 0.588926 0.477311 0.588926 0.480672 0.592282 0.490756 0.590604 0.492437 0.587248 0.499160 0.587248 0.500840 0.590604 0.524370 0.592282 0.531092 0.590604 0.532773 0.587248 0.546218 0.580537 0.552941 0.573826 0.556303 0.575503 0.563025 0.573826 0.566387 0.567114 0.556303 0.565436 0.554622 0.568792 0.547899 0.567114 0.541176 0.570470 0.534454 0.570470 0.531092 0.573826 0.524370 0.572148 0.519328 0.578859 0.497479 0.577181 0.495798 0.575503 0.497479 0.572148 0.494118 0.572148 0.492437 0.575503 0.484034 0.577181 0.482353 0.580537 0.478992 0.575503 0.473950 0.577181 0.470588 0.575503 0.468908 0.565436 0.470588 0.562081 0.467227 0.560403 0.462185 0.565436 0.462185 0.570470 0.453782 0.575503 0.455462 0.578859
0 0.517647 0.557047 0.517647 0.558725 0.519328 0.560403 0.522689 0.560403 0.522689 0.558725 0.521008 0.558725 0.519328 0.557047
0 0.589916 0.555369 0.586555 0.555369 0.586555 0.558725 0.584874 0.560403 0.584874 0.562081 0.586555 0.562081 0.586555 0.560403 0.588235 0.558725 0.589916 0.558725
0 0.601681 0.548658 0.600000 0.548658 0.598319 0.550336 0.598319 0.552013 0.601681 0.552013
0 0.435294 0.546980 0.435294 0.548658 0.436975 0.550336 0.436975 0.552013 0.435294 0.553691 0.435294 0.555369 0.438655 0.555369 0.442017 0.560403 0.445378 0.560403 0.448739 0.563758 0.450420 0.563758 0.452101 0.562081 0.458824 0.562081 0.460504 0.560403 0.462185 0.560403 0.462185 0.558725 0.457143 0.558725 0.455462 0.557047 0.453782 0.557047 0.453782 0.558725 0.452101 0.560403 0.448739 0.560403 0.447059 0.558725 0.447059 0.557047 0.443697 0.557047 0.440336 0.552013 0.443697 0.548658 0.445378 0.548658 0.447059 0.546980 0.447059 0.545302 0.440336 0.545302 0.438655 0.546980
0 0.462185 0.540268 0.462185 0.541946 0.465546 0.541946 0.467227 0.543624 0.467227 0.546980 0.470588 0.546980 0.472269 0.545302 0.472269 0.543624 0.467227 0.543624 0.465546 0.541946 0.465546 0.540268
0 0.430252 0.525168 0.426891 0.525168 0.425210 0.526846 0.421849 0.526846 0.421849 0.528523 0.420168 0.530201 0.420168 0.531879 0.423529 0.531879 0.423529 0.530201 0.426891 0.526846 0.430252 0.526846
0 0.613445 0.523490 0.611765 0.523490 0.610084 0.521812 0.606723 0.521812 0.605042 0.523490 0.601681 0.523490 0.601681 0.525168 0.598319 0.528523 0.598319 0.530201 0.605042 0.530201 0.606723 0.528523 0.610084 0.528523 0.613445 0.525168
0 0.443697 0.521812 0.443697 0.523490 0.447059 0.523490 0.447059 0.521812
0 0.413445 0.521812 0.413445 0.525168 0.416807 0.525168 0.416807 0.521812
0 0.499160 0.515101 0.499160 0.516779 0.502521 0.516779 0.502521 0.515101
0 0.442017 0.515101 0.442017 0.516779 0.445378 0.516779 0.445378 0.515101
0 0.489076 0.506711 0.489076 0.510067 0.490756 0.510067 0.492437 0.511745 0.492437 0.515101 0.495798 0.515101 0.495798 0.513423 0.494118 0.511745 0.495798 0.510067 0.500840 0.510067 0.502521 0.511745 0.505882 0.511745 0.507563 0.510067 0.507563 0.508389 0.494118 0.508389 0.492437 0.506711
0 0.497479 0.501678 0.497479 0.503356 0.500840 0.503356 0.500840 0.501678
0 0.529412 0.500000 0.529412 0.501678 0.532773 0.501678 0.532773 0.500000
0 0.388235 0.496644 0.381513 0.496644 0.379832 0.498322 0.376471 0.498322 0.376471 0.501678 0.378151 0.503356 0.384874 0.503356 0.386555 0.501678 0.386555 0.500000 0.388235 0.498322
0 0.531092 0.491611 0.531092 0.493289 0.534454 0.493289 0.534454 0.491611
0 0.384874 0.486577 0.384874 0.488255 0.386555 0.488255 0.388235 0.489933 0.391597 0.489933 0.391597 0.486577
0 0.363025 0.484899 0.363025 0.486577 0.366387 0.486577 0.366387 0.484899
0 0.423529 0.481544 0.423529 0.483221 0.426891 0.483221 0.426891 0.481544
0 0.369748 0.474832 0.369748 0.476510 0.373109 0.476510 0.374790 0.478188 0.374790 0.479866 0.373109 0.481544 0.373109 0.483221 0.369748 0.486577 0.369748 0.488255 0.373109 0.488255 0.374790 0.486577 0.378151 0.486577 0.378151 0.483221 0.376471 0.481544 0.378151 0.479866 0.378151 0.478188 0.376471 0.476510 0.374790 0.476510 0.373109 0.474832
0 0.393277 0.463087 0.393277 0.464765 0.396639 0.464765 0.396639 0.463087
0 0.539496 0.453020 0.536134 0.453020 0.536134 0.454698 0.534454 0.456376 0.532773 0.454698 0.531092 0.454698 0.531092 0.456376 0.532773 0.456376 0.534454 0.458054 0.536134 0.458054 0.536134 0.456376 0.537815 0.454698 0.539496 0.454698
0 0.517647 0.451342 0.517647 0.453020 0.524370 0.453020 0.524370 0.451342 0.522689 0.449664 0.519328 0.449664
0 0.552941 0.446309 0.552941 0.447987 0.557983 0.447987 0.557983 0.446309
0 0.398319 0.442953 0.398319 0.444631 0.400000 0.446309 0.401681 0.446309 0.403361 0.444631 0.403361 0.442953
0 0.519328 0.437919 0.519328 0.439597 0.524370 0.439597 0.526050 0.441275 0.532773 0.441275 0.532773 0.437919 0.531092 0.437919 0.529412 0.439597 0.527731 0.439597 0.526050 0.437919
0 0.406723 0.437919 0.406723 0.439597 0.411765 0.439597 0.411765 0.437919
0 0.494118 0.434564 0.494118 0.436242 0.495798 0.436242 0.497479 0.437919 0.500840 0.437919 0.500840 0.436242 0.499160 0.436242 0.497479 0.434564
0 0.504202 0.429530 0.504202 0.431208 0.507563 0.431208 0.507563 0.429530
0 0.526050 0.422819 0.529412 0.429530 0.534454 0.432886 0.544538 0.432886 0.556303 0.442953 0.561345 0.437919 0.564706 0.441275 0.576471 0.441275 0.578151 0.434564 0.584874 0.446309 0.573109 0.444631 0.573109 0.447987 0.583193 0.451342 0.586555 0.446309 0.591597 0.446309 0.591597 0.451342 0.596639 0.454698 0.589916 0.464765 0.594958 0.469799 0.598319 0.469799 0.611765 0.454698 0.605042 0.447987 0.615126 0.446309 0.616807 0.442953 0.613445 0.441275 0.611765 0.444631 0.606723 0.441275 0.605042 0.444631 0.603361 0.441275 0.596639 0.441275 0.593277 0.437919 0.584874 0.441275 0.584874 0.434564 0.596639 0.434564 0.591597 0.429530 0.586555 0.432886 0.581513 0.427852 0.571429 0.427852 0.564706 0.424497 0.556303 0.427852 0.552941 0.422819 0.534454 0.422819 0.532773 0.427852
0 0.519328 0.422819 0.519328 0.424497 0.522689 0.424497 0.522689 0.422819
0 0.510924 0.421141 0.510924 0.424497 0.514286 0.424497 0.514286 0.421141
0 0.480672 0.417785 0.480672 0.419463 0.484034 0.419463 0.484034 0.417785
0 0.442017 0.411074 0.442017 0.412752 0.445378 0.412752 0.447059 0.414430 0.450420 0.414430 0.450420 0.412752 0.447059 0.412752 0.445378 0.411074
0 0.442017 0.406040 0.442017 0.407718 0.445378 0.407718 0.445378 0.406040
0 0.252101 0.402685 0.252101 0.404362 0.255462 0.404362 0.257143 0.406040 0.257143 0.407718 0.258824 0.407718 0.260504 0.409396 0.260504 0.412752 0.262185 0.414430 0.263866 0.414430 0.265546 0.412752 0.267227 0.412752 0.267227 0.411074 0.265546 0.411074 0.262185 0.407718 0.262185 0.406040 0.258824 0.406040 0.257143 0.404362 0.257143 0.401007 0.255462 0.401007 0.253782 0.402685
0 0.297479 0.387584 0.297479 0.392617 0.300840 0.392617 0.302521 0.394295 0.305882 0.394295 0.309244 0.390940 0.310924 0.390940 0.310924 0.389262 0.309244 0.389262 0.307563 0.387584 0.305882 0.387584 0.304202 0.385906 0.300840 0.385906 0.299160 0.387584
0 0.332773 0.384228 0.332773 0.387584 0.336134 0.387584 0.336134 0.384228
0 0.352941 0.382550 0.352941 0.385906 0.354622 0.385906 0.356303 0.387584 0.357983 0.387584 0.359664 0.389262 0.359664 0.390940 0.363025 0.390940 0.364706 0.389262 0.364706 0.385906 0.361345 0.385906 0.359664 0.384228 0.357983 0.384228 0.356303 0.382550
0 0.275630 0.380872 0.275630 0.382550 0.278992 0.382550 0.278992 0.380872