0 0.496639 0.521812 0.008403 0.006711
0 0.541176 0.501678 0.020168 0.016779
0 0.529412 0.489094 0.020168 0.008389
0 0.305882 0.486577 0.033613 0.020134
0 0.547899 0.477349 0.006723 0.008389
0 0.531933 0.469799 0.005042 0.003356
0 0.269748 0.468960 0.005042 0.005034
0 0.498319 0.479027 0.031933 0.028523
0 0.523529 0.466443 0.005042 0.006711
0 0.509244 0.460570 0.016807 0.008389
0 0.231933 0.472315 0.077311 0.031879
0 0.296639 0.447148 0.028571 0.018456
0 0.248739 0.431208 0.020168 0.006711
0 0.202521 0.439597 0.021849 0.026846
0 0.225210 0.427013 0.003361 0.005034