0 0.914286 0.838926 0.914286 0.840604 0.917647 0.840604 0.917647 0.838926
0 0.828571 0.832215 0.826891 0.832215 0.825210 0.833893 0.825210 0.835570 0.828571 0.835570
0 0.813445 0.803691 0.813445 0.805369 0.816807 0.805369 0.816807 0.803691
0 0.847059 0.382550 0.847059 0.384228 0.848739 0.385906 0.848739 0.387584 0.853782 0.387584 0.853782 0.384228 0.850420 0.384228 0.848739 0.382550
0 0.850420 0.360738 0.850420 0.362416 0.853782 0.362416 0.853782 0.360738
0 0.870588 0.345638 0.870588 0.347315 0.872269 0.348993 0.872269 0.350671 0.873950 0.350671 0.875630 0.348993 0.875630 0.345638
0 0.904202 0.330537 0.904202 0.332215 0.907563 0.332215 0.907563 0.330537
0 0.815126 0.302013 0.815126 0.303691 0.818487 0.303691 0.818487 0.302013
0 0.774790 0.266779 0.774790 0.268456 0.776471 0.268456 0.778151 0.270134 0.783193 0.270134 0.783193 0.266779
0 0.860504 0.144295 0.857143 0.144295 0.857143 0.145973 0.855462 0.147651 0.853782 0.147651 0.852101 0.149329 0.852101 0.154362 0.853782 0.154362 0.853782 0.151007 0.855462 0.149329 0.862185 0.149329 0.862185 0.147651 0.860504 0.145973
0 0.818487 0.082215 0.818487 0.085570 0.821849 0.085570 0.821849 0.082215