0 0.827731 0.833893 0.005042 0.003356
0 0.815966 0.807047 0.005042 0.003356
0 0.903361 0.777685 0.025210 0.018456
0 0.493277 0.544463 0.008403 0.008389
0 0.468908 0.538591 0.006723 0.006711
0 0.516807 0.555369 0.042017 0.046980
0 0.479832 0.534396 0.008403 0.005034
0 0.538655 0.531879 0.005042 0.003356
0 0.491597 0.530201 0.005042 0.003356
0 0.532773 0.525168 0.010084 0.006711
0 0.540336 0.499161 0.035294 0.038591
0 0.461345 0.463926 0.005042 0.005034
0 0.574790 0.377517 0.003361 0.006711
0 0.334454 0.218960 0.003361 0.005034