0 0.836975 0.889262 0.836975 0.890940 0.842017 0.890940 0.842017 0.889262
0 0.682353 0.865772 0.682353 0.867450 0.684034 0.867450 0.685714 0.869128 0.687395 0.869128 0.687395 0.867450 0.685714 0.865772
0 0.825210 0.832215 0.825210 0.833893 0.828571 0.833893 0.828571 0.832215
0 0.813445 0.803691 0.813445 0.807047 0.815126 0.807047 0.815126 0.803691
0 0.902521 0.768456 0.902521 0.771812 0.905882 0.771812 0.905882 0.770134 0.904202 0.768456
0 0.480672 0.538591 0.480672 0.541946 0.482353 0.541946 0.484034 0.543624 0.485714 0.543624 0.487395 0.541946 0.490756 0.541946 0.489076 0.540268 0.484034 0.540268 0.482353 0.538591
0 0.478992 0.533557 0.478992 0.535235 0.482353 0.535235 0.482353 0.533557
0 0.475630 0.535235 0.473950 0.533557 0.472269 0.533557 0.470588 0.535235 0.470588 0.536913 0.468908 0.538591 0.468908 0.540268 0.467227 0.541946 0.465546 0.541946 0.465546 0.543624 0.470588 0.543624 0.470588 0.541946 0.472269 0.540268 0.475630 0.540268
0 0.470588 0.523490 0.470588 0.525168 0.473950 0.525168 0.473950 0.523490
0 0.931092 0.489933 0.931092 0.493289 0.932773 0.493289 0.932773 0.489933
0 0.453782 0.478188 0.453782 0.479866 0.457143 0.479866 0.457143 0.478188
0 0.460504 0.464765 0.458824 0.464765 0.458824 0.466443 0.457143 0.468121 0.447059 0.468121 0.447059 0.469799 0.445378 0.471477 0.445378 0.473154 0.443697 0.474832 0.442017 0.474832 0.442017 0.476510 0.443697 0.476510 0.443697 0.474832 0.445378 0.473154 0.448739 0.473154 0.448739 0.471477 0.450420 0.469799 0.452101 0.471477 0.457143 0.471477 0.457143 0.468121 0.458824 0.466443 0.460504 0.466443
0 0.504202 0.459732 0.497479 0.466443 0.502521 0.469799 0.492437 0.471477 0.495798 0.476510 0.472269 0.513423 0.482353 0.528523 0.485714 0.525168 0.512605 0.525168 0.507563 0.530201 0.512605 0.533557 0.497479 0.540268 0.502521 0.543624 0.500840 0.548658 0.489076 0.545302 0.475630 0.550336 0.489076 0.563758 0.494118 0.563758 0.514286 0.541946 0.527731 0.543624 0.539496 0.536913 0.531092 0.523490 0.522689 0.533557 0.517647 0.530201 0.524370 0.521812 0.521008 0.525168 0.515966 0.521812 0.529412 0.505034 0.546218 0.511745 0.544538 0.518456 0.549580 0.520134 0.541176 0.521812 0.542857 0.530201 0.554622 0.518456 0.554622 0.511745 0.537815 0.503356 0.542857 0.496644 0.541176 0.484899 0.527731 0.484899
0 0.485714 0.444631 0.485714 0.446309 0.489076 0.446309 0.489076 0.444631
0 0.470588 0.441275 0.470588 0.446309 0.472269 0.446309 0.472269 0.441275
0 0.489076 0.437919 0.489076 0.439597 0.490756 0.439597 0.492437 0.441275 0.494118 0.441275 0.495798 0.442953 0.495798 0.444631 0.502521 0.444631 0.502521 0.441275 0.492437 0.441275 0.490756 0.439597 0.490756 0.437919
0 0.327731 0.216443 0.327731 0.219799 0.331092 0.219799 0.332773 0.218121 0.334454 0.219799 0.336134 0.219799 0.336134 0.216443