0 0.495798 0.533557 0.494118 0.535235 0.494118 0.538591 0.499160 0.538591 0.499160 0.536913 0.497479 0.535235 0.497479 0.533557
0 0.465546 0.533557 0.465546 0.536913 0.467227 0.538591 0.478992 0.538591 0.480672 0.540268 0.482353 0.540268 0.484034 0.541946 0.485714 0.541946 0.485714 0.540268 0.487395 0.538591 0.487395 0.536913 0.477311 0.536913 0.475630 0.535235 0.470588 0.535235 0.468908 0.533557
0 0.537815 0.508389 0.537815 0.510067 0.541176 0.510067 0.542857 0.511745 0.542857 0.513423 0.544538 0.513423 0.546218 0.515101 0.547899 0.515101 0.547899 0.513423 0.549580 0.511745 0.551261 0.511745 0.551261 0.510067 0.546218 0.510067 0.544538 0.511745 0.542857 0.511745 0.541176 0.510067 0.541176 0.508389
0 0.458824 0.484899 0.458824 0.488255 0.463866 0.488255 0.463866 0.486577 0.462185 0.484899
0 0.541176 0.483221 0.536134 0.483221 0.536134 0.484899 0.534454 0.486577 0.532773 0.486577 0.532773 0.488255 0.534454 0.489933 0.536134 0.489933 0.537815 0.488255 0.537815 0.486577 0.539496 0.484899 0.541176 0.484899
0 0.521008 0.479866 0.521008 0.481544 0.519328 0.483221 0.517647 0.483221 0.517647 0.484899 0.524370 0.484899 0.526050 0.486577 0.526050 0.491611 0.527731 0.491611 0.527731 0.486577 0.526050 0.486577 0.524370 0.484899 0.526050 0.483221 0.527731 0.483221 0.527731 0.479866
0 0.509244 0.476510 0.507563 0.476510 0.507563 0.478188 0.505882 0.479866 0.504202 0.479866 0.502521 0.481544 0.499160 0.481544 0.497479 0.483221 0.497479 0.488255 0.495798 0.489933 0.495798 0.491611 0.497479 0.493289 0.500840 0.493289 0.500840 0.491611 0.499160 0.489933 0.499160 0.488255 0.500840 0.486577 0.502521 0.486577 0.502521 0.484899 0.504202 0.483221 0.510924 0.483221 0.510924 0.479866 0.509244 0.478188
0 0.489076 0.476510 0.489076 0.478188 0.492437 0.478188 0.492437 0.476510
0 0.521008 0.474832 0.521008 0.476510 0.524370 0.476510 0.524370 0.474832
0 0.468908 0.469799 0.467227 0.471477 0.467227 0.474832 0.472269 0.474832 0.473950 0.473154 0.473950 0.471477 0.472269 0.469799
0 0.489076 0.458054 0.489076 0.463087 0.494118 0.464765 0.494118 0.463087 0.495798 0.461409 0.497479 0.463087 0.500840 0.463087 0.502521 0.464765 0.502521 0.466443 0.504202 0.466443 0.505882 0.468121 0.505882 0.469799 0.504202 0.471477 0.502521 0.471477 0.502521 0.473154 0.504202 0.473154 0.504202 0.471477 0.505882 0.469799 0.507563 0.471477 0.509244 0.471477 0.510924 0.469799 0.519328 0.469799 0.521008 0.471477 0.522689 0.471477 0.522689 0.468121 0.524370 0.466443 0.522689 0.464765 0.521008 0.464765 0.515966 0.461409 0.510924 0.461409 0.505882 0.458054 0.495798 0.458054 0.494118 0.459732 0.492437 0.458054