0 0.575630 0.565436 0.005042 0.003356
0 0.512605 0.574664 0.094118 0.021812
0 0.464706 0.543624 0.005042 0.003356
0 0.434454 0.527685 0.005042 0.005034
0 0.506723 0.511745 0.008403 0.003356
0 0.382353 0.500000 0.005042 0.003356
0 0.382353 0.494966 0.005042 0.003356
0 0.531092 0.492450 0.010084 0.005034
0 0.381513 0.487416 0.026891 0.008389
0 0.376471 0.476510 0.006723 0.003356
0 0.591597 0.466443 0.013445 0.013423
0 0.536134 0.456376 0.013445 0.006711
0 0.521849 0.453020 0.008403 0.006711
0 0.432773 0.449664 0.005042 0.003356
0 0.401681 0.445470 0.006723 0.005034
0 0.576471 0.448826 0.026891 0.015101
0 0.553782 0.443792 0.015126 0.015101
0 0.531092 0.440436 0.023529 0.008389
0 0.485714 0.437919 0.006723 0.003356
0 0.409244 0.439597 0.005042 0.006711
0 0.499160 0.436242 0.016807 0.006711
0 0.527731 0.430369 0.010084 0.005034
0 0.446218 0.416107 0.005042 0.003356
0 0.284874 0.417785 0.018487 0.010067
0 0.455462 0.412752 0.006723 0.006711
0 0.443697 0.408557 0.010084 0.008389
0 0.353782 0.403523 0.008403 0.005034
0 0.263025 0.405201 0.018487 0.011745
0 0.378992 0.399329 0.005042 0.003356
0 0.287395 0.390101 0.013445 0.005034
0 0.335294 0.387584 0.005042 0.003356
0 0.357983 0.388423 0.016807 0.008389
0 0.309244 0.389262 0.026891 0.016779
0 0.316807 0.380872 0.005042 0.003356
0 0.269748 0.380872 0.025210 0.010067