0 0.600000 0.565436 0.600000 0.568792 0.601681 0.568792 0.601681 0.565436
0 0.521008 0.548658 0.521008 0.555369 0.527731 0.555369 0.531092 0.558725 0.534454 0.558725 0.541176 0.562081 0.542857 0.565436 0.549580 0.565436 0.551261 0.563758 0.552941 0.565436 0.559664 0.565436 0.569748 0.573826 0.576471 0.570470 0.578151 0.572148 0.584874 0.572148 0.591597 0.568792 0.591597 0.565436 0.589916 0.563758 0.579832 0.563758 0.578151 0.567114 0.574790 0.562081 0.569748 0.562081 0.568067 0.563758 0.561345 0.560403 0.549580 0.558725 0.541176 0.553691 0.536134 0.553691 0.532773 0.550336 0.534454 0.548658 0.537815 0.548658 0.536134 0.543624 0.531092 0.543624 0.529412 0.545302 0.526050 0.545302 0.524370 0.548658
0 0.522689 0.538591 0.522689 0.540268 0.526050 0.540268 0.526050 0.538591
0 0.628571 0.511745 0.628571 0.515101 0.630252 0.515101 0.630252 0.511745
0 0.547899 0.489933 0.547899 0.493289 0.549580 0.493289 0.549580 0.489933
0 0.561345 0.489933 0.563025 0.493289 0.574790 0.494966 0.583193 0.498322 0.605042 0.496644 0.606723 0.500000 0.618487 0.500000 0.621849 0.505034 0.620168 0.506711 0.615126 0.506711 0.616807 0.510067 0.621849 0.510067 0.628571 0.498322 0.633613 0.500000 0.630252 0.501678 0.630252 0.505034 0.631933 0.505034 0.636975 0.496644 0.635294 0.489933 0.630252 0.491611 0.626891 0.489933 0.616807 0.491611 0.616807 0.494966 0.611765 0.498322 0.608403 0.498322 0.603361 0.489933 0.600000 0.491611 0.598319 0.489933 0.589916 0.489933 0.579832 0.486577 0.573109 0.486577 0.571429 0.488255 0.568067 0.486577 0.566387 0.488255 0.564706 0.484899 0.563025 0.484899 0.564706 0.488255
0 0.211765 0.484899 0.213445 0.486577 0.213445 0.491611 0.216807 0.491611 0.218487 0.493289 0.215126 0.496644 0.213445 0.496644 0.213445 0.498322 0.215126 0.498322 0.218487 0.501678 0.218487 0.503356 0.226891 0.503356 0.228571 0.506711 0.235294 0.505034 0.238655 0.508389 0.252101 0.508389 0.253782 0.511745 0.262185 0.511745 0.263866 0.505034 0.267227 0.503356 0.267227 0.500000 0.260504 0.501678 0.257143 0.505034 0.255462 0.505034 0.253782 0.508389 0.252101 0.506711 0.252101 0.503356 0.248739 0.503356 0.245378 0.500000 0.242017 0.500000 0.240336 0.498322 0.243697 0.496644 0.242017 0.491611 0.240336 0.491611 0.238655 0.494966 0.231933 0.494966 0.226891 0.488255 0.221849 0.488255 0.218487 0.484899 0.218487 0.483221 0.213445 0.483221
0 0.527731 0.463087 0.527731 0.464765 0.529412 0.466443 0.531092 0.466443 0.532773 0.468121 0.534454 0.468121 0.534454 0.464765 0.532773 0.463087
0 0.189916 0.456376 0.189916 0.458054 0.191597 0.458054 0.193277 0.459732 0.196639 0.459732 0.196639 0.456376
0 0.613445 0.453020 0.613445 0.456376 0.615126 0.456376 0.615126 0.453020
0 0.589916 0.441275 0.589916 0.442953 0.591597 0.444631 0.594958 0.444631 0.594958 0.441275
0 0.431933 0.501678 0.475630 0.545302 0.517647 0.552013 0.519328 0.543624 0.510924 0.536913 0.494118 0.540268 0.475630 0.530201 0.472269 0.515101 0.455462 0.516779 0.455462 0.508389 0.438655 0.503356 0.438655 0.488255 0.452101 0.478188 0.445378 0.469799 0.457143 0.473154 0.448739 0.468121 0.455462 0.464765 0.470588 0.469799 0.467227 0.456376 0.473950 0.447987 0.539496 0.453020 0.561345 0.459732 0.564706 0.468121 0.615126 0.476510 0.642017 0.473154 0.633613 0.459732 0.608403 0.468121 0.606723 0.456376 0.600000 0.459732 0.593277 0.447987 0.576471 0.447987 0.566387 0.437919 0.536134 0.447987 0.527731 0.439597 0.477311 0.436242 0.475630 0.444631 0.458824 0.446309 0.455462 0.461409 0.442017 0.461409
0 0.196639 0.434564 0.194958 0.434564 0.191597 0.437919 0.191597 0.439597 0.193277 0.441275 0.193277 0.442953 0.191597 0.444631 0.191597 0.451342 0.193277 0.451342 0.193277 0.444631 0.194958 0.442953 0.194958 0.437919 0.196639 0.436242
0 0.253782 0.417785 0.253782 0.424497 0.258824 0.426174 0.262185 0.429530 0.262185 0.431208 0.263866 0.431208 0.267227 0.434564 0.270588 0.434564 0.272269 0.436242 0.272269 0.439597 0.277311 0.441275 0.278992 0.437919 0.280672 0.441275 0.289076 0.437919 0.289076 0.431208 0.290756 0.429530 0.292437 0.431208 0.297479 0.431208 0.297479 0.427852 0.299160 0.426174 0.300840 0.429530 0.305882 0.429530 0.307563 0.431208 0.317647 0.431208 0.317647 0.426174 0.312605 0.426174 0.309244 0.427852 0.307563 0.426174 0.302521 0.426174 0.300840 0.422819 0.292437 0.424497 0.284034 0.419463 0.277311 0.419463 0.270588 0.416107 0.263866 0.416107 0.258824 0.419463
0 0.200000 0.431208 0.201681 0.431208 0.201681 0.429530 0.203361 0.427852 0.205042 0.427852 0.206723 0.426174 0.208403 0.426174 0.211765 0.421141 0.220168 0.421141 0.223529 0.424497 0.223529 0.426174 0.225210 0.426174 0.226891 0.424497 0.228571 0.424497 0.230252 0.426174 0.230252 0.427852 0.233613 0.427852 0.233613 0.426174 0.230252 0.426174 0.228571 0.424497 0.230252 0.422819 0.230252 0.421141 0.225210 0.421141 0.221849 0.417785 0.220168 0.417785 0.218487 0.416107 0.215126 0.416107 0.213445 0.417785 0.211765 0.417785 0.210084 0.419463 0.208403 0.419463 0.208403 0.421141 0.206723 0.422819 0.205042 0.422819 0.200000 0.427852