0 0.565546 0.532718 0.005042 0.005034
0 0.548739 0.531040 0.025210 0.008389
0 0.628571 0.524329 0.006723 0.005034
0 0.548739 0.520973 0.015126 0.008389
0 0.546218 0.541107 0.147899 0.048658
0 0.624370 0.515101 0.008403 0.006711
0 0.591597 0.503356 0.020168 0.010067
0 0.570588 0.500839 0.005042 0.005034
0 0.557983 0.500000 0.016807 0.006711
0 0.550420 0.489094 0.008403 0.005034
0 0.239496 0.488255 0.055462 0.030201
0 0.567227 0.480705 0.042017 0.031879
0 0.208403 0.467282 0.010084 0.008389
0 0.195798 0.458893 0.005042 0.005034
0 0.286555 0.445470 0.005042 0.005034
0 0.488235 0.479027 0.085714 0.078859
0 0.297479 0.435403 0.026891 0.011745
0 0.257983 0.430369 0.045378 0.015101
0 0.211765 0.436242 0.040336 0.033557