0 0.524370 0.535235 0.524370 0.536913 0.526050 0.536913 0.529412 0.540268 0.529412 0.545302 0.532773 0.545302 0.534454 0.546980 0.554622 0.546980 0.556303 0.545302 0.561345 0.545302 0.563025 0.541946 0.569748 0.541946 0.571429 0.540268 0.574790 0.540268 0.578151 0.543624 0.586555 0.543624 0.588235 0.545302 0.589916 0.545302 0.591597 0.541946 0.588235 0.535235 0.583193 0.535235 0.576471 0.531879 0.573109 0.533557 0.568067 0.533557 0.564706 0.530201 0.561345 0.531879 0.559664 0.530201 0.554622 0.530201 0.551261 0.531879 0.547899 0.528523 0.547899 0.526846 0.544538 0.528523 0.542857 0.526846 0.536134 0.528523 0.534454 0.531879 0.531092 0.531879
0 0.522689 0.525168 0.519328 0.525168 0.519328 0.526846 0.517647 0.528523 0.517647 0.531879 0.519328 0.531879 0.521008 0.530201 0.522689 0.530201
0 0.472269 0.515101 0.472269 0.518456 0.477311 0.518456 0.478992 0.520134 0.478992 0.521812 0.482353 0.521812 0.484034 0.523490 0.484034 0.525168 0.487395 0.525168 0.490756 0.528523 0.490756 0.530201 0.505882 0.530201 0.507563 0.528523 0.509244 0.528523 0.510924 0.530201 0.510924 0.531879 0.514286 0.531879 0.514286 0.526846 0.512605 0.526846 0.510924 0.525168 0.510924 0.523490 0.512605 0.521812 0.515966 0.521812 0.515966 0.520134 0.517647 0.518456 0.517647 0.516779 0.515966 0.516779 0.515966 0.518456 0.514286 0.520134 0.512605 0.520134 0.510924 0.518456 0.510924 0.515101 0.507563 0.515101 0.507563 0.516779 0.505882 0.518456 0.500840 0.516779 0.500840 0.521812 0.499160 0.523490 0.497479 0.521812 0.490756 0.521812 0.489076 0.520134 0.489076 0.518456 0.487395 0.518456 0.485714 0.516779 0.478992 0.516779 0.477311 0.515101
0 0.541176 0.500000 0.541176 0.503356 0.551261 0.501678 0.559664 0.503356 0.561345 0.506711 0.566387 0.506711 0.568067 0.510067 0.576471 0.513423 0.574790 0.516779 0.568067 0.515101 0.547899 0.516779 0.546218 0.513423 0.541176 0.513423 0.542857 0.520134 0.556303 0.521812 0.557983 0.525168 0.573109 0.525168 0.579832 0.521812 0.581513 0.528523 0.600000 0.526846 0.601681 0.530201 0.605042 0.530201 0.610084 0.525168 0.613445 0.526846 0.628571 0.521812 0.626891 0.511745 0.611765 0.513423 0.600000 0.503356 0.596639 0.505034 0.594958 0.501678 0.589916 0.500000 0.593277 0.496644 0.583193 0.498322 0.579832 0.494966 0.574790 0.500000 0.568067 0.498322
0 0.243697 0.493289 0.243697 0.494966 0.245378 0.496644 0.248739 0.496644 0.250420 0.498322 0.252101 0.498322 0.253782 0.500000 0.262185 0.500000 0.263866 0.501678 0.267227 0.501678 0.267227 0.496644 0.265546 0.494966 0.263866 0.494966 0.262185 0.496644 0.255462 0.496644 0.253782 0.494966 0.253782 0.493289
0 0.536134 0.483221 0.536134 0.486577 0.546218 0.486577 0.547899 0.488255 0.549580 0.488255 0.551261 0.486577 0.551261 0.484899 0.546218 0.479866 0.541176 0.479866 0.541176 0.481544 0.539496 0.483221
0 0.299160 0.478188 0.299160 0.479866 0.300840 0.481544 0.304202 0.481544 0.304202 0.479866 0.302521 0.479866 0.300840 0.478188
0 0.544538 0.471477 0.544538 0.473154 0.547899 0.473154 0.549580 0.474832 0.554622 0.474832 0.556303 0.476510 0.557983 0.476510 0.559664 0.474832 0.563025 0.474832 0.563025 0.471477 0.561345 0.471477 0.557983 0.468121 0.556303 0.468121 0.554622 0.466443 0.552941 0.466443 0.551261 0.468121 0.546218 0.468121 0.546218 0.469799
0 0.201681 0.463087 0.203361 0.468121 0.205042 0.468121 0.208403 0.471477 0.210084 0.471477 0.213445 0.474832 0.213445 0.476510 0.215126 0.478188 0.218487 0.478188 0.220168 0.479866 0.221849 0.479866 0.225210 0.483221 0.230252 0.483221 0.233613 0.486577 0.238655 0.486577 0.240336 0.488255 0.240336 0.489933 0.245378 0.489933 0.245378 0.488255 0.243697 0.488255 0.242017 0.486577 0.243697 0.484899 0.243697 0.483221 0.238655 0.483221 0.233613 0.478188 0.226891 0.478188 0.225210 0.476510 0.221849 0.476510 0.218487 0.473154 0.215126 0.473154 0.213445 0.471477 0.213445 0.469799 0.208403 0.466443 0.208403 0.464765 0.206723 0.464765 0.205042 0.463087
0 0.502521 0.456376 0.492437 0.458054 0.490756 0.454698 0.478992 0.454698 0.477311 0.458054 0.473950 0.458054 0.475630 0.461409 0.473950 0.473154 0.478992 0.476510 0.477311 0.478188 0.473950 0.476510 0.462185 0.476510 0.458824 0.479866 0.460504 0.483221 0.453782 0.489933 0.455462 0.494966 0.453782 0.501678 0.458824 0.505034 0.460504 0.510067 0.467227 0.510067 0.467227 0.506711 0.460504 0.498322 0.460504 0.491611 0.463866 0.489933 0.463866 0.486577 0.468908 0.481544 0.482353 0.481544 0.484034 0.476510 0.480672 0.474832 0.478992 0.468121 0.485714 0.459732 0.492437 0.459732 0.494118 0.463087 0.499160 0.463087 0.500840 0.466443 0.505882 0.468121 0.507563 0.463087 0.502521 0.459732
0 0.284034 0.439597 0.285714 0.439597 0.287395 0.441275 0.289076 0.441275 0.294118 0.436242 0.295798 0.437919 0.297479 0.437919 0.299160 0.439597 0.300840 0.439597 0.300840 0.437919 0.302521 0.436242 0.304202 0.437919 0.304202 0.439597 0.307563 0.439597 0.307563 0.437919 0.305882 0.436242 0.305882 0.434564 0.307563 0.432886 0.307563 0.431208 0.304202 0.431208 0.302521 0.432886 0.299160 0.432886 0.297479 0.431208 0.292437 0.431208 0.289076 0.434564 0.287395 0.434564 0.285714 0.436242 0.285714 0.437919
0 0.235294 0.427852 0.235294 0.429530 0.240336 0.429530 0.242017 0.427852 0.258824 0.427852 0.262185 0.431208 0.263866 0.431208 0.265546 0.432886 0.267227 0.432886 0.270588 0.436242 0.273950 0.436242 0.275630 0.434564 0.275630 0.431208 0.273950 0.431208 0.272269 0.429530 0.270588 0.429530 0.268908 0.427852 0.267227 0.427852 0.265546 0.426174 0.265546 0.424497 0.255462 0.424497 0.253782 0.426174 0.248739 0.422819 0.238655 0.422819 0.238655 0.426174 0.236975 0.427852
0 0.225210 0.422819 0.225210 0.426174 0.228571 0.426174 0.230252 0.424497 0.230252 0.422819
0 0.216807 0.421141 0.211765 0.421141 0.210084 0.422819 0.206723 0.422819 0.205042 0.424497 0.203361 0.424497 0.203361 0.426174 0.201681 0.427852 0.200000 0.427852 0.198319 0.429530 0.196639 0.429530 0.196639 0.431208 0.201681 0.431208 0.203361 0.429530 0.205042 0.429530 0.206723 0.427852 0.208403 0.427852 0.208403 0.426174 0.210084 0.424497 0.216807 0.424497