0 0.536975 0.575503 0.005042 0.003356
0 0.507563 0.562081 0.006723 0.006711
0 0.559664 0.558725 0.094118 0.023490
0 0.567227 0.543624 0.005042 0.003356
0 0.531933 0.538591 0.005042 0.003356
0 0.577311 0.535235 0.008403 0.003356
0 0.555462 0.533557 0.005042 0.006711
0 0.587395 0.530201 0.008403 0.003356
0 0.605042 0.528523 0.033613 0.023490
0 0.567227 0.515940 0.011765 0.008389
0 0.585714 0.511745 0.005042 0.003356
0 0.577311 0.512584 0.008403 0.005034
0 0.520168 0.511745 0.005042 0.003356
0 0.466387 0.533557 0.089076 0.053691
0 0.589076 0.505034 0.008403 0.006711
0 0.425210 0.507550 0.023529 0.011745
0 0.533613 0.501678 0.008403 0.003356
0 0.500000 0.509228 0.028571 0.018456
0 0.568908 0.500839 0.008403 0.008389
0 0.579832 0.497483 0.006723 0.005034
0 0.557143 0.494966 0.005042 0.003356
0 0.530252 0.491611 0.015126 0.006711
0 0.495798 0.489933 0.010084 0.006711
0 0.563866 0.486577 0.005042 0.003356
0 0.424370 0.484060 0.005042 0.005034
0 0.586555 0.482383 0.016807 0.008389
0 0.500000 0.479866 0.005042 0.003356
0 0.557143 0.474832 0.005042 0.003356
0 0.466387 0.476510 0.008403 0.006711
0 0.396639 0.486577 0.047059 0.030201
0 0.456303 0.471477 0.005042 0.003356
0 0.530252 0.468121 0.005042 0.003356
0 0.476471 0.468960 0.005042 0.005034
0 0.368908 0.468121 0.005042 0.003356
0 0.517647 0.467282 0.013445 0.005034
0 0.452941 0.464765 0.005042 0.003356
0 0.363025 0.457215 0.013445 0.005034
0 0.447059 0.453859 0.006723 0.005034
0 0.469748 0.451342 0.005042 0.003356
0 0.428571 0.450503 0.010084 0.005034
0 0.522689 0.449664 0.013445 0.010067
0 0.486555 0.446309 0.005042 0.003356
0 0.462185 0.447148 0.006723 0.005034
0 0.385714 0.447148 0.008403 0.005034
0 0.446218 0.443792 0.011765 0.008389
0 0.405042 0.442953 0.013445 0.010067
0 0.492437 0.436242 0.020168 0.006711
0 0.457983 0.429530 0.005042 0.003356
0 0.442857 0.427852 0.008403 0.003356
0 0.432773 0.427852 0.005042 0.003356
0 0.552101 0.450503 0.095798 0.052013
0 0.500000 0.428691 0.008403 0.008389
0 0.392437 0.425336 0.005042 0.005034
0 0.452941 0.422819 0.008403 0.003356
0 0.479832 0.419463 0.011765 0.006711
0 0.402521 0.407718 0.008403 0.003356
0 0.426050 0.403523 0.008403 0.005034
0 0.449580 0.409396 0.035294 0.020134
0 0.436975 0.398490 0.010084 0.005034
0 0.363025 0.398490 0.063866 0.028523
0 0.328571 0.385067 0.008403 0.005034
0 0.305882 0.386745 0.033613 0.018456
0 0.294958 0.412752 0.099160 0.080537