0 0.547899 0.541946 0.547899 0.543624 0.551261 0.543624 0.551261 0.541946
0 0.573109 0.541946 0.571429 0.541946 0.569748 0.540268 0.569748 0.538591 0.566387 0.538591 0.566387 0.541946 0.564706 0.543624 0.561345 0.543624 0.559664 0.545302 0.556303 0.545302 0.556303 0.546980 0.559664 0.546980 0.561345 0.545302 0.568067 0.545302 0.569748 0.543624 0.573109 0.543624
0 0.554622 0.531879 0.552941 0.531879 0.551261 0.533557 0.551261 0.535235 0.554622 0.535235
0 0.495798 0.531879 0.495798 0.533557 0.499160 0.533557 0.499160 0.531879
0 0.542857 0.520134 0.542857 0.521812 0.546218 0.521812 0.546218 0.520134
0 0.542857 0.506711 0.542857 0.508389 0.544538 0.508389 0.546218 0.510067 0.546218 0.511745 0.551261 0.511745 0.551261 0.506711
0 0.526050 0.505034 0.526050 0.506711 0.531092 0.506711 0.531092 0.505034
0 0.519328 0.505034 0.519328 0.506711 0.522689 0.506711 0.522689 0.505034
0 0.529412 0.500000 0.529412 0.501678 0.536134 0.501678 0.536134 0.500000
0 0.487395 0.506711 0.487395 0.510067 0.489076 0.510067 0.490756 0.511745 0.490756 0.515101 0.492437 0.516779 0.492437 0.518456 0.495798 0.518456 0.495798 0.516779 0.494118 0.516779 0.492437 0.515101 0.494118 0.513423 0.497479 0.513423 0.499160 0.515101 0.499160 0.516779 0.504202 0.518456 0.505882 0.516779 0.509244 0.516779 0.512605 0.513423 0.515966 0.513423 0.517647 0.511745 0.522689 0.513423 0.524370 0.511745 0.524370 0.510067 0.510924 0.510067 0.509244 0.508389 0.497479 0.508389 0.495798 0.506711 0.497479 0.505034 0.500840 0.505034 0.502521 0.503356 0.510924 0.501678 0.510924 0.500000 0.502521 0.500000 0.500840 0.501678 0.492437 0.503356 0.492437 0.505034 0.490756 0.506711
0 0.455462 0.498322 0.455462 0.500000 0.458824 0.500000 0.458824 0.498322
0 0.490756 0.486577 0.490756 0.488255 0.492437 0.488255 0.494118 0.489933 0.495798 0.489933 0.497479 0.491611 0.500840 0.491611 0.500840 0.489933 0.499160 0.489933 0.497479 0.488255 0.497479 0.486577
0 0.512605 0.484899 0.512605 0.486577 0.515966 0.486577 0.515966 0.484899
0 0.435294 0.483221 0.435294 0.484899 0.438655 0.484899 0.438655 0.483221
0 0.421849 0.481544 0.421849 0.484899 0.425210 0.484899 0.425210 0.481544
0 0.406723 0.476510 0.406723 0.478188 0.413445 0.478188 0.413445 0.476510
0 0.393277 0.463087 0.393277 0.464765 0.396639 0.464765 0.396639 0.463087
0 0.371429 0.459732 0.371429 0.461409 0.373109 0.463087 0.374790 0.463087 0.374790 0.459732
0 0.379832 0.454698 0.379832 0.456376 0.383193 0.456376 0.383193 0.454698
0 0.490756 0.449664 0.490756 0.451342 0.497479 0.451342 0.497479 0.449664
0 0.421849 0.444631 0.421849 0.446309 0.425210 0.446309 0.425210 0.444631
0 0.413445 0.444631 0.413445 0.446309 0.416807 0.446309 0.416807 0.444631
0 0.371429 0.439597 0.371429 0.442953 0.373109 0.442953 0.374790 0.444631 0.376471 0.444631 0.379832 0.447987 0.383193 0.447987 0.384874 0.446309 0.386555 0.446309 0.386555 0.444631 0.388235 0.442953 0.391597 0.442953 0.391597 0.441275 0.388235 0.441275 0.386555 0.439597 0.383193 0.439597 0.383193 0.441275 0.386555 0.441275 0.388235 0.442953 0.386555 0.444631 0.379832 0.444631 0.378151 0.442953 0.376471 0.442953 0.374790 0.441275 0.374790 0.439597
0 0.410084 0.437919 0.406723 0.437919 0.406723 0.439597 0.405042 0.441275 0.400000 0.441275 0.398319 0.442953 0.398319 0.444631 0.405042 0.444631 0.405042 0.441275 0.406723 0.439597 0.410084 0.439597
0 0.480672 0.427852 0.480672 0.429530 0.484034 0.429530 0.484034 0.427852
0 0.379832 0.427852 0.379832 0.429530 0.381513 0.429530 0.383193 0.431208 0.383193 0.432886 0.384874 0.432886 0.386555 0.434564 0.389916 0.434564 0.389916 0.429530 0.386555 0.429530 0.384874 0.431208 0.383193 0.431208 0.381513 0.429530 0.381513 0.427852
0 0.431933 0.427852 0.431933 0.429530 0.433613 0.429530 0.435294 0.431208 0.443697 0.431208 0.445378 0.429530 0.448739 0.429530 0.448739 0.427852 0.447059 0.427852 0.445378 0.426174 0.436975 0.426174 0.435294 0.427852
0 0.455462 0.417785 0.452101 0.417785 0.450420 0.419463 0.448739 0.419463 0.448739 0.422819 0.455462 0.422819
0 0.364706 0.417785 0.364706 0.424497 0.366387 0.426174 0.366387 0.427852 0.369748 0.427852 0.369748 0.424497 0.371429 0.422819 0.371429 0.417785
0 0.386555 0.419463 0.386555 0.421141 0.388235 0.421141 0.389916 0.422819 0.389916 0.424497 0.391597 0.424497 0.393277 0.426174 0.396639 0.426174 0.398319 0.427852 0.406723 0.427852 0.408403 0.429530 0.408403 0.431208 0.413445 0.431208 0.413445 0.426174 0.408403 0.426174 0.406723 0.424497 0.408403 0.422819 0.415126 0.422819 0.416807 0.421141 0.420168 0.421141 0.420168 0.419463 0.410084 0.419463 0.408403 0.417785 0.400000 0.417785 0.400000 0.419463 0.398319 0.421141 0.396639 0.421141 0.394958 0.419463 0.394958 0.416107 0.393277 0.416107 0.391597 0.414430 0.388235 0.414430 0.388235 0.417785
0 0.415126 0.402685 0.415126 0.404362 0.418487 0.404362 0.418487 0.402685
0 0.396639 0.407718 0.396639 0.409396 0.405042 0.409396 0.405042 0.407718 0.406723 0.406040 0.408403 0.407718 0.408403 0.411074 0.410084 0.412752 0.410084 0.414430 0.411765 0.416107 0.415126 0.416107 0.415126 0.414430 0.411765 0.411074 0.411765 0.406040 0.408403 0.402685 0.406723 0.402685 0.403361 0.406040 0.400000 0.406040 0.398319 0.407718
0 0.378151 0.466443 0.447059 0.531879 0.532773 0.562081 0.578151 0.563758 0.618487 0.540268 0.598319 0.518456 0.591597 0.469799 0.497479 0.427852 0.470588 0.432886 0.482353 0.417785 0.452101 0.395973 0.423529 0.404362 0.440336 0.421141 0.436975 0.404362 0.473950 0.424497 0.453782 0.429530 0.482353 0.439597 0.433613 0.436242 0.440336 0.446309 0.423529 0.454698 0.500840 0.439597 0.502521 0.464765 0.447059 0.463087 0.455462 0.476510 0.547899 0.478188 0.556303 0.493289 0.524370 0.491611 0.573109 0.505034 0.559664 0.515101 0.589916 0.525168 0.573109 0.536913 0.594958 0.528523 0.605042 0.545302 0.571429 0.560403 0.452101 0.526846 0.462185 0.511745
0 0.300840 0.395973 0.307563 0.399329 0.300840 0.402685 0.312605 0.409396 0.307563 0.412752 0.314286 0.416107 0.309244 0.419463 0.327731 0.426174 0.332773 0.431208 0.326050 0.432886 0.326050 0.436242 0.331092 0.434564 0.334454 0.437919 0.336134 0.432886 0.337815 0.446309 0.349580 0.454698 0.368067 0.456376 0.368067 0.453020 0.354622 0.447987 0.356303 0.442953 0.366387 0.441275 0.356303 0.432886 0.363025 0.429530 0.352941 0.421141 0.361345 0.416107 0.361345 0.411074 0.364706 0.407718 0.379832 0.414430 0.393277 0.411074 0.386555 0.397651 0.364706 0.395973 0.354622 0.385906 0.351261 0.385906 0.351261 0.395973 0.357983 0.397651 0.357983 0.406040 0.352941 0.406040 0.351261 0.399329 0.327731 0.382550 0.321008 0.382550 0.317647 0.387584 0.321008 0.390940 0.319328 0.394295