0 0.494118 0.538591 0.494118 0.540268 0.499160 0.540268 0.499160 0.538591
0 0.470588 0.535235 0.470588 0.536913 0.473950 0.536913 0.473950 0.535235
0 0.532773 0.528523 0.532773 0.530201 0.534454 0.531879 0.536134 0.531879 0.536134 0.530201 0.534454 0.528523
0 0.536134 0.510067 0.536134 0.511745 0.537815 0.511745 0.539496 0.513423 0.539496 0.515101 0.541176 0.515101 0.542857 0.516779 0.546218 0.516779 0.547899 0.515101 0.552941 0.515101 0.552941 0.511745 0.551261 0.510067 0.549580 0.510067 0.547899 0.511745 0.542857 0.511745 0.541176 0.513423 0.539496 0.511745 0.539496 0.508389 0.537815 0.508389
0 0.500840 0.483221 0.500840 0.484899 0.504202 0.484899 0.504202 0.483221
0 0.524370 0.481544 0.524370 0.483221 0.527731 0.483221 0.527731 0.481544
0 0.460504 0.481544 0.460504 0.488255 0.462185 0.488255 0.463866 0.486577 0.463866 0.483221 0.462185 0.481544
0 0.507563 0.479866 0.507563 0.483221 0.510924 0.483221 0.510924 0.481544 0.509244 0.479866
0 0.473950 0.466443 0.473950 0.468121 0.475630 0.469799 0.478992 0.469799 0.478992 0.466443
0 0.509244 0.464765 0.509244 0.469799 0.510924 0.469799 0.512605 0.468121 0.514286 0.468121 0.514286 0.464765
0 0.489076 0.461409 0.489076 0.463087 0.492437 0.463087 0.492437 0.461409