0 0.522689 0.529362 0.006723 0.005034
0 0.494118 0.524329 0.013445 0.008389
0 0.547899 0.513423 0.006723 0.006711
0 0.477311 0.513423 0.016807 0.010067
0 0.257983 0.498322 0.005042 0.003356
0 0.264706 0.498322 0.005042 0.006711
0 0.537815 0.497483 0.013445 0.021812
0 0.546218 0.479027 0.013445 0.015101
0 0.203361 0.474832 0.006723 0.006711
0 0.305882 0.479866 0.016807 0.020134
0 0.485714 0.468121 0.010084 0.006711
0 0.226050 0.472315 0.048739 0.025168
0 0.197479 0.461409 0.005042 0.003356
0 0.498319 0.477349 0.078992 0.038591
0 0.304202 0.437919 0.006723 0.006711
0 0.296639 0.436242 0.005042 0.003356
0 0.247059 0.427852 0.013445 0.003356
0 0.208403 0.427852 0.020168 0.013423