0 0.660504 0.536913 0.660504 0.538591 0.663866 0.538591 0.663866 0.536913
0 0.505882 0.533557 0.505882 0.535235 0.509244 0.535235 0.510924 0.536913 0.510924 0.538591 0.512605 0.538591 0.514286 0.536913 0.515966 0.538591 0.519328 0.538591 0.521008 0.540268 0.521008 0.541946 0.522689 0.541946 0.524370 0.543624 0.527731 0.543624 0.529412 0.541946 0.532773 0.541946 0.532773 0.536913 0.527731 0.536913 0.526050 0.535235 0.519328 0.535235 0.517647 0.533557 0.517647 0.530201 0.515966 0.530201 0.514286 0.528523 0.515966 0.526846 0.515966 0.525168 0.510924 0.525168 0.510924 0.526846 0.507563 0.530201 0.507563 0.531879
0 0.559664 0.523490 0.557983 0.523490 0.557983 0.525168 0.556303 0.526846 0.556303 0.528523 0.559664 0.528523 0.561345 0.526846 0.559664 0.525168
0 0.517647 0.515101 0.517647 0.516779 0.519328 0.518456 0.522689 0.518456 0.522689 0.516779 0.524370 0.515101 0.526050 0.516779 0.527731 0.516779 0.529412 0.518456 0.529412 0.520134 0.536134 0.520134 0.536134 0.518456 0.534454 0.516779 0.534454 0.515101 0.532773 0.513423 0.529412 0.513423 0.527731 0.515101 0.526050 0.515101 0.524370 0.513423 0.526050 0.511745 0.526050 0.508389 0.524370 0.508389 0.522689 0.510067 0.521008 0.510067 0.521008 0.511745
0 0.566387 0.505034 0.557983 0.506711 0.556303 0.508389 0.556303 0.511745 0.554622 0.513423 0.552941 0.511745 0.552941 0.510067 0.549580 0.510067 0.547899 0.511745 0.542857 0.511745 0.541176 0.510067 0.541176 0.508389 0.539496 0.508389 0.539496 0.510067 0.541176 0.510067 0.542857 0.511745 0.539496 0.515101 0.539496 0.516779 0.541176 0.518456 0.542857 0.518456 0.544538 0.516779 0.546218 0.518456 0.549580 0.518456 0.551261 0.520134 0.551261 0.521812 0.546218 0.525168 0.544538 0.523490 0.542857 0.523490 0.541176 0.525168 0.541176 0.530201 0.542857 0.530201 0.544538 0.528523 0.546218 0.530201 0.546218 0.531879 0.547899 0.531879 0.549580 0.530201 0.552941 0.530201 0.552941 0.528523 0.551261 0.528523 0.549580 0.526846 0.551261 0.525168 0.552941 0.525168 0.552941 0.520134 0.554622 0.518456 0.556303 0.518456 0.556303 0.516779 0.557983 0.515101 0.559664 0.516779 0.561345 0.516779 0.559664 0.511745 0.561345 0.510067 0.566387 0.510067
0 0.539496 0.503356 0.539496 0.505034 0.544538 0.505034 0.544538 0.503356
0 0.522689 0.501678 0.522689 0.505034 0.524370 0.505034 0.524370 0.501678
0 0.549580 0.484899 0.547899 0.484899 0.544538 0.488255 0.541176 0.488255 0.541176 0.489933 0.539496 0.491611 0.536134 0.491611 0.534454 0.493289 0.534454 0.494966 0.536134 0.494966 0.537815 0.496644 0.537815 0.500000 0.539496 0.500000 0.539496 0.496644 0.537815 0.496644 0.536134 0.494966 0.537815 0.493289 0.539496 0.493289 0.539496 0.491611 0.541176 0.489933 0.542857 0.491611 0.542857 0.493289 0.546218 0.493289 0.547899 0.491611 0.549580 0.493289 0.551261 0.493289 0.551261 0.491611 0.549580 0.489933 0.551261 0.488255 0.551261 0.486577
0 0.546218 0.476510 0.546218 0.481544 0.549580 0.479866 0.554622 0.481544 0.556303 0.483221 0.554622 0.486577 0.556303 0.486577 0.557983 0.489933 0.561345 0.489933 0.566387 0.494966 0.564706 0.496644 0.559664 0.496644 0.559664 0.498322 0.573109 0.498322 0.576471 0.494966 0.581513 0.494966 0.588235 0.491611 0.588235 0.489933 0.584874 0.488255 0.573109 0.489933 0.564706 0.484899 0.566387 0.483221 0.576471 0.484899 0.579832 0.483221 0.581513 0.479866 0.586555 0.478188 0.586555 0.476510 0.579832 0.476510 0.578151 0.474832 0.569748 0.476510 0.566387 0.474832 0.564706 0.471477 0.559664 0.471477 0.556303 0.479866 0.554622 0.478188 0.554622 0.474832 0.551261 0.473154
0 0.515966 0.469799 0.509244 0.469799 0.509244 0.473154 0.505882 0.474832 0.504202 0.478188 0.497479 0.478188 0.492437 0.484899 0.492437 0.489933 0.494118 0.491611 0.492437 0.493289 0.492437 0.496644 0.494118 0.498322 0.494118 0.506711 0.497479 0.506711 0.499160 0.510067 0.505882 0.515101 0.507563 0.515101 0.504202 0.513423 0.504202 0.506711 0.505882 0.503356 0.502521 0.496644 0.502521 0.493289 0.505882 0.488255 0.509244 0.489933 0.512605 0.486577 0.514286 0.489933 0.515966 0.489933 0.517647 0.488255 0.517647 0.484899 0.515966 0.483221 0.517647 0.481544 0.524370 0.481544 0.526050 0.478188 0.526050 0.474832 0.522689 0.474832 0.521008 0.471477 0.517647 0.471477
0 0.594958 0.458054 0.594958 0.461409 0.596639 0.463087 0.598319 0.463087 0.600000 0.464765 0.601681 0.464765 0.603361 0.466443 0.605042 0.466443 0.606723 0.464765 0.606723 0.463087 0.605042 0.461409 0.601681 0.461409 0.600000 0.459732 0.600000 0.458054
0 0.561345 0.449664 0.561345 0.451342 0.568067 0.451342 0.569748 0.449664 0.573109 0.449664 0.573109 0.447987 0.574790 0.446309 0.578151 0.446309 0.579832 0.444631 0.584874 0.444631 0.588235 0.447987 0.588235 0.451342 0.583193 0.454698 0.583193 0.461409 0.584874 0.461409 0.588235 0.456376 0.588235 0.454698 0.586555 0.453020 0.588235 0.451342 0.593277 0.451342 0.593277 0.449664 0.591597 0.449664 0.589916 0.447987 0.589916 0.442953 0.586555 0.442953 0.584874 0.441275 0.581513 0.441275 0.579832 0.439597 0.576471 0.439597 0.574790 0.441275 0.573109 0.441275 0.573109 0.444631 0.571429 0.446309 0.568067 0.446309 0.568067 0.447987 0.566387 0.449664 0.564706 0.447987 0.563025 0.447987