0 0.473950 0.506711 0.473950 0.508389 0.477311 0.508389 0.477311 0.506711
0 0.465546 0.500000 0.465546 0.503356 0.467227 0.505034 0.468908 0.505034 0.468908 0.503356 0.470588 0.501678 0.477311 0.501678 0.477311 0.500000 0.475630 0.498322 0.475630 0.496644 0.468908 0.496644 0.468908 0.498322 0.467227 0.500000
0 0.499160 0.489933 0.499160 0.491611 0.509244 0.491611 0.510924 0.493289 0.510924 0.494966 0.512605 0.494966 0.512605 0.491611 0.510924 0.491611 0.509244 0.489933
0 0.473950 0.484899 0.470588 0.484899 0.467227 0.488255 0.467227 0.489933 0.465546 0.491611 0.465546 0.493289 0.472269 0.493289 0.472269 0.491611 0.470588 0.489933 0.472269 0.488255 0.473950 0.488255
0 0.292437 0.476510 0.292437 0.478188 0.295798 0.478188 0.295798 0.476510
0 0.300840 0.474832 0.300840 0.476510 0.304202 0.476510 0.304202 0.474832
0 0.489076 0.468121 0.487395 0.468121 0.485714 0.469799 0.482353 0.469799 0.482353 0.473154 0.484034 0.474832 0.480672 0.478188 0.480672 0.479866 0.478992 0.481544 0.478992 0.483221 0.480672 0.484899 0.480672 0.486577 0.482353 0.488255 0.489076 0.488255 0.487395 0.486577 0.487395 0.483221 0.489076 0.481544 0.489076 0.476510 0.487395 0.474832 0.489076 0.473154
0 0.284034 0.466443 0.284034 0.469799 0.285714 0.469799 0.287395 0.468121 0.289076 0.468121 0.289076 0.466443
0 0.537815 0.463087 0.537815 0.464765 0.539496 0.464765 0.541176 0.466443 0.542857 0.466443 0.544538 0.468121 0.544538 0.471477 0.546218 0.471477 0.547899 0.469799 0.547899 0.468121 0.544538 0.468121 0.542857 0.466443 0.542857 0.464765 0.541176 0.464765 0.539496 0.463087
0 0.504202 0.456376 0.504202 0.458054 0.505882 0.459732 0.509244 0.459732 0.509244 0.458054 0.507563 0.456376
0 0.200000 0.454698 0.200000 0.456376 0.205042 0.458054 0.201681 0.461409 0.208403 0.461409 0.211765 0.464765 0.226891 0.468121 0.231933 0.473154 0.240336 0.473154 0.242017 0.474832 0.248739 0.474832 0.250420 0.473154 0.253782 0.478188 0.258824 0.476510 0.262185 0.481544 0.268908 0.481544 0.268908 0.478188 0.265546 0.476510 0.267227 0.469799 0.263866 0.469799 0.262185 0.474832 0.260504 0.473154 0.252101 0.473154 0.250420 0.469799 0.243697 0.468121 0.248739 0.466443 0.247059 0.464765 0.248739 0.463087 0.247059 0.458054 0.248739 0.454698 0.242017 0.447987 0.236975 0.447987 0.226891 0.458054 0.223529 0.458054 0.223529 0.461409 0.226891 0.461409 0.235294 0.466443 0.233613 0.469799 0.228571 0.466443 0.221849 0.466443 0.216807 0.461409 0.208403 0.459732 0.205042 0.454698
0 0.280672 0.447987 0.280672 0.449664 0.287395 0.449664 0.289076 0.451342 0.289076 0.453020 0.290756 0.453020 0.292437 0.451342 0.295798 0.451342 0.297479 0.453020 0.307563 0.453020 0.305882 0.453020 0.302521 0.449664 0.299160 0.449664 0.295798 0.446309 0.289076 0.446309 0.287395 0.444631 0.289076 0.442953 0.290756 0.442953 0.290756 0.441275 0.289076 0.441275 0.289076 0.442953 0.287395 0.444631 0.285714 0.444631 0.284034 0.446309 0.282353 0.446309
0 0.191597 0.456376 0.196639 0.456376 0.193277 0.453020 0.201681 0.446309 0.201681 0.442953 0.198319 0.439597 0.210084 0.431208 0.225210 0.432886 0.230252 0.437919 0.228571 0.442953 0.233613 0.444631 0.240336 0.441275 0.242017 0.434564 0.247059 0.434564 0.255462 0.442953 0.258824 0.441275 0.265546 0.442953 0.268908 0.447987 0.273950 0.447987 0.273950 0.444631 0.277311 0.441275 0.275630 0.436242 0.270588 0.432886 0.245378 0.431208 0.240336 0.436242 0.238655 0.434564 0.235294 0.436242 0.230252 0.427852 0.226891 0.429530 0.221849 0.426174 0.218487 0.427852 0.213445 0.426174 0.211765 0.429530 0.198319 0.432886 0.196639 0.441275 0.191597 0.444631 0.193277 0.447987