0 0.475630 0.536913 0.477311 0.538591 0.480672 0.538591 0.482353 0.540268 0.485714 0.540268 0.485714 0.538591 0.484034 0.536913
0 0.467227 0.533557 0.465546 0.535235 0.465546 0.538591 0.470588 0.538591 0.472269 0.536913 0.472269 0.535235 0.470588 0.535235 0.468908 0.533557
0 0.526050 0.531879 0.526050 0.535235 0.529412 0.535235 0.531092 0.533557 0.534454 0.533557 0.534454 0.531879
0 0.472269 0.511745 0.472269 0.513423 0.475630 0.513423 0.475630 0.511745
0 0.531092 0.516779 0.532773 0.516779 0.534454 0.518456 0.534454 0.520134 0.539496 0.520134 0.541176 0.518456 0.541176 0.513423 0.542857 0.511745 0.544538 0.513423 0.544538 0.515101 0.547899 0.515101 0.549580 0.513423 0.551261 0.513423 0.552941 0.511745 0.552941 0.510067 0.551261 0.510067 0.549580 0.508389 0.547899 0.508389 0.546218 0.510067 0.542857 0.510067 0.541176 0.508389 0.536134 0.508389 0.537815 0.510067 0.537815 0.511745 0.536134 0.513423 0.534454 0.513423 0.532773 0.511745 0.531092 0.511745
0 0.457143 0.484899 0.457143 0.489933 0.462185 0.489933 0.462185 0.488255 0.463866 0.486577 0.463866 0.484899
0 0.521008 0.481544 0.521008 0.486577 0.526050 0.486577 0.527731 0.484899 0.529412 0.484899 0.532773 0.488255 0.536134 0.488255 0.536134 0.486577 0.534454 0.486577 0.532773 0.484899 0.531092 0.484899 0.529412 0.483221 0.529412 0.481544 0.527731 0.479866 0.524370 0.479866 0.522689 0.481544
0 0.512605 0.479866 0.510924 0.479866 0.509244 0.478188 0.507563 0.478188 0.504202 0.481544 0.497479 0.481544 0.497479 0.486577 0.499160 0.486577 0.500840 0.484899 0.502521 0.484899 0.504202 0.483221 0.509244 0.483221 0.510924 0.481544 0.512605 0.481544
0 0.489076 0.476510 0.489076 0.478188 0.492437 0.478188 0.492437 0.476510
0 0.478992 0.476510 0.478992 0.478188 0.484034 0.478188 0.484034 0.476510
0 0.480672 0.464765 0.477311 0.464765 0.477311 0.466443 0.475630 0.468121 0.472269 0.468121 0.472269 0.469799 0.470588 0.471477 0.465546 0.471477 0.465546 0.473154 0.467227 0.474832 0.467227 0.476510 0.470588 0.476510 0.470588 0.471477 0.472269 0.469799 0.475630 0.469799 0.475630 0.468121 0.477311 0.466443 0.480672 0.466443
0 0.521008 0.463087 0.521008 0.464765 0.519328 0.466443 0.519328 0.468121 0.521008 0.469799 0.522689 0.469799 0.522689 0.468121 0.524370 0.466443 0.524370 0.464765 0.522689 0.463087
0 0.485714 0.461409 0.485714 0.463087 0.489076 0.463087 0.490756 0.464765 0.495798 0.464765 0.497479 0.463087 0.499160 0.464765 0.500840 0.464765 0.502521 0.463087 0.505882 0.463087 0.507563 0.464765 0.507563 0.468121 0.505882 0.469799 0.504202 0.469799 0.504202 0.474832 0.505882 0.474832 0.505882 0.473154 0.507563 0.471477 0.509244 0.471477 0.509244 0.469799 0.510924 0.468121 0.515966 0.468121 0.515966 0.466443 0.514286 0.464765 0.514286 0.461409 0.509244 0.461409 0.507563 0.459732 0.502521 0.459732 0.500840 0.458054 0.499160 0.458054 0.497479 0.459732 0.495798 0.459732 0.495798 0.461409 0.494118 0.463087 0.492437 0.463087 0.490756 0.461409