0 0.663866 0.540268 0.006723 0.006711
0 0.496639 0.505872 0.011765 0.011745
0 0.513445 0.481544 0.005042 0.003356
0 0.523529 0.481544 0.005042 0.006711
0 0.583193 0.476510 0.013445 0.006711
0 0.493277 0.484060 0.011765 0.028523
0 0.549580 0.470638 0.010084 0.005034
0 0.525210 0.468960 0.005042 0.005034
0 0.536975 0.471477 0.011765 0.013423
0 0.505042 0.468960 0.015126 0.018456
0 0.526050 0.460570 0.020168 0.008389
0 0.562185 0.456376 0.005042 0.003356
0 0.579832 0.445470 0.006723 0.005034
0 0.547059 0.440436 0.005042 0.005034
0 0.537815 0.439597 0.013445 0.013423
0 0.559664 0.438758 0.030252 0.028523
0 0.530252 0.421980 0.028571 0.015101
0 0.378992 0.275168 0.005042 0.006711
0 0.056303 0.130034 0.005042 0.005034
0 0.056303 0.121644 0.015126 0.008389