0 0.570588 0.564597 0.008403 0.005034
0 0.591597 0.563758 0.030252 0.010067
0 0.542857 0.549497 0.043697 0.028523
0 0.498319 0.537752 0.042017 0.015101
0 0.478992 0.524329 0.003361 0.005034
0 0.542857 0.526007 0.016807 0.011745
0 0.628571 0.513423 0.006723 0.003356
0 0.592437 0.501678 0.062185 0.020134
0 0.551261 0.491611 0.006723 0.003356
0 0.629412 0.489933 0.005042 0.003356
0 0.456303 0.504195 0.038655 0.035235
0 0.618487 0.489933 0.013445 0.010067
0 0.586555 0.487416 0.040336 0.011745
0 0.236134 0.494128 0.045378 0.031879
0 0.631092 0.479027 0.008403 0.008389
0 0.609244 0.474832 0.025210 0.010067
0 0.204202 0.467282 0.008403 0.008389
0 0.195798 0.458893 0.005042 0.005034
0 0.519328 0.465604 0.144538 0.038591
0 0.290756 0.436242 0.010084 0.010067
0 0.267227 0.431208 0.030252 0.020134
0 0.245378 0.422819 0.006723 0.003356
0 0.210924 0.434564 0.042017 0.033557