0 0.520168 0.588087 0.015126 0.008389
0 0.493277 0.585570 0.035294 0.020134
0 0.465546 0.579698 0.033613 0.015101
0 0.547899 0.574664 0.036975 0.018456
0 0.572269 0.565436 0.005042 0.003356
0 0.466387 0.567953 0.011765 0.011745
0 0.456303 0.562081 0.005042 0.003356
0 0.519328 0.558725 0.006723 0.006711
0 0.476471 0.550336 0.005042 0.003356
0 0.465546 0.546980 0.016807 0.010067
0 0.441176 0.552013 0.025210 0.020134
0 0.454622 0.534396 0.008403 0.005034
0 0.606723 0.527685 0.013445 0.008389
0 0.446218 0.523490 0.005042 0.003356
0 0.418487 0.526846 0.026891 0.020134
0 0.503361 0.515940 0.008403 0.005034
0 0.503361 0.510067 0.008403 0.003356
0 0.493277 0.510067 0.008403 0.006711
0 0.531933 0.501678 0.005042 0.003356
0 0.385714 0.500839 0.005042 0.005034
0 0.372269 0.500839 0.015126 0.005034
0 0.390756 0.488255 0.008403 0.003356
0 0.364706 0.488255 0.013445 0.006711
0 0.377311 0.485738 0.008403 0.005034
0 0.373950 0.477349 0.011765 0.008389
0 0.522689 0.452181 0.006723 0.005034
0 0.431092 0.449664 0.005042 0.003356
0 0.543697 0.447987 0.005042 0.003356
0 0.323529 0.447987 0.005042 0.003356
0 0.402521 0.444631 0.005042 0.003356
0 0.557143 0.442953 0.005042 0.003356
0 0.630252 0.441275 0.006723 0.003356
0 0.523529 0.439597 0.005042 0.003356
0 0.394118 0.439597 0.005042 0.003356
0 0.570588 0.438758 0.011765 0.005034
0 0.498319 0.437081 0.008403 0.005034
0 0.600000 0.451342 0.053782 0.040268
0 0.551261 0.434564 0.013445 0.006711
0 0.308403 0.432886 0.005042 0.003356
0 0.584034 0.431208 0.005042 0.003356
0 0.534454 0.432886 0.010084 0.006711
0 0.566387 0.430369 0.013445 0.008389
0 0.536975 0.424497 0.008403 0.003356
0 0.528571 0.424497 0.005042 0.003356
0 0.510084 0.422819 0.005042 0.003356
0 0.489916 0.419463 0.005042 0.003356
0 0.447899 0.419463 0.005042 0.003356
0 0.454622 0.412752 0.005042 0.003356
0 0.443697 0.411074 0.006723 0.003356
0 0.264706 0.412752 0.008403 0.006711
0 0.252941 0.405201 0.018487 0.008389
0 0.298319 0.390101 0.015126 0.008389
0 0.269748 0.379195 0.005042 0.003356
0 0.352101 0.384228 0.038655 0.016779