0 0.161345 0.912752 0.161345 0.916107 0.164706 0.919463 0.163025 0.921141 0.159664 0.921141 0.159664 0.922819 0.164706 0.922819 0.166387 0.921141 0.168067 0.921141 0.168067 0.919463 0.169748 0.917785 0.169748 0.912752
0 0.146218 0.901007 0.141176 0.901007 0.141176 0.902685 0.139496 0.904362 0.137815 0.904362 0.137815 0.906040 0.136134 0.907718 0.136134 0.909396 0.139496 0.909396 0.141176 0.911074 0.141176 0.914430 0.142857 0.914430 0.144538 0.912752 0.144538 0.907718 0.142857 0.907718 0.141176 0.906040 0.142857 0.904362 0.144538 0.904362 0.146218 0.902685
0 0.186555 0.887584 0.186555 0.889262 0.189916 0.889262 0.189916 0.887584
0 0.201681 0.887584 0.201681 0.889262 0.206723 0.889262 0.208403 0.890940 0.211765 0.890940 0.213445 0.889262 0.215126 0.889262 0.215126 0.887584 0.213445 0.887584 0.211765 0.889262 0.210084 0.889262 0.206723 0.885906 0.205042 0.885906 0.203361 0.887584
0 0.176471 0.880872 0.174790 0.880872 0.173109 0.882550 0.173109 0.884228 0.176471 0.884228
0 0.152941 0.874161 0.147899 0.874161 0.147899 0.875839 0.146218 0.877517 0.142857 0.877517 0.141176 0.879195 0.139496 0.879195 0.139496 0.880872 0.141176 0.882550 0.139496 0.884228 0.139496 0.887584 0.141176 0.889262 0.146218 0.889262 0.146218 0.887584 0.144538 0.885906 0.146218 0.884228 0.151261 0.884228 0.152941 0.882550 0.152941 0.880872 0.151261 0.879195 0.152941 0.877517
0 0.507563 0.516779 0.507563 0.520134 0.509244 0.520134 0.509244 0.516779
0 0.556303 0.510067 0.554622 0.510067 0.552941 0.511745 0.551261 0.511745 0.551261 0.515101 0.552941 0.515101 0.556303 0.518456 0.554622 0.520134 0.552941 0.520134 0.552941 0.521812 0.554622 0.521812 0.556303 0.520134 0.557983 0.520134 0.557983 0.518456 0.556303 0.516779 0.556303 0.515101 0.557983 0.513423 0.557983 0.511745
0 0.443697 0.506711 0.443697 0.508389 0.447059 0.508389 0.447059 0.506711
0 0.477311 0.466443 0.477311 0.469799 0.482353 0.469799 0.482353 0.468121 0.480672 0.468121 0.478992 0.466443
0 0.480672 0.449664 0.478992 0.449664 0.477311 0.451342 0.477311 0.454698 0.475630 0.456376 0.475630 0.458054 0.473950 0.459732 0.473950 0.461409 0.478992 0.461409 0.480672 0.459732 0.478992 0.458054 0.482353 0.454698 0.482353 0.451342
0 0.485714 0.442953 0.485714 0.446309 0.489076 0.446309 0.490756 0.447987 0.492437 0.447987 0.495798 0.451342 0.497479 0.451342 0.500840 0.447987 0.500840 0.446309 0.497479 0.446309 0.492437 0.441275 0.487395 0.441275
0 0.363025 0.238255 0.363025 0.239933 0.368067 0.239933 0.368067 0.238255