0 0.499160 0.595638 0.497479 0.595638 0.495798 0.597315 0.495798 0.598993 0.494118 0.600671 0.494118 0.602349 0.492437 0.604027 0.487395 0.604027 0.485714 0.602349 0.484034 0.602349 0.484034 0.605705 0.485714 0.607383 0.487395 0.607383 0.489076 0.609060 0.490756 0.609060 0.492437 0.607383 0.494118 0.607383 0.495798 0.605705 0.497479 0.605705 0.497479 0.602349 0.499160 0.600671 0.500840 0.600671 0.500840 0.598993 0.499160 0.597315
0 0.489076 0.578859 0.487395 0.578859 0.485714 0.580537 0.484034 0.580537 0.482353 0.582215 0.482353 0.583893 0.484034 0.583893 0.484034 0.582215 0.485714 0.580537 0.487395 0.582215 0.489076 0.582215
0 0.499160 0.568792 0.497479 0.570470 0.495798 0.570470 0.495798 0.572148 0.497479 0.572148 0.499160 0.573826 0.497479 0.575503 0.497479 0.577181 0.499160 0.578859 0.499160 0.580537 0.502521 0.585570 0.502521 0.590604 0.504202 0.590604 0.505882 0.592282 0.505882 0.593960 0.507563 0.595638 0.507563 0.597315 0.509244 0.597315 0.514286 0.592282 0.514286 0.590604 0.512605 0.588926 0.512605 0.587248 0.510924 0.587248 0.507563 0.583893 0.512605 0.578859 0.514286 0.578859 0.514286 0.577181 0.512605 0.577181 0.510924 0.575503 0.510924 0.573826 0.512605 0.572148 0.512605 0.570470 0.509244 0.570470 0.507563 0.572148 0.505882 0.572148 0.504202 0.570470 0.502521 0.570470 0.500840 0.568792
0 0.465546 0.562081 0.463866 0.563758 0.462185 0.563758 0.462185 0.570470 0.463866 0.570470 0.465546 0.572148 0.465546 0.573826 0.467227 0.573826 0.467227 0.568792 0.468908 0.567114 0.468908 0.565436 0.467227 0.563758 0.467227 0.562081
0 0.226891 0.550336 0.223529 0.550336 0.223529 0.553691 0.225210 0.553691 0.226891 0.552013
0 0.220168 0.528523 0.218487 0.528523 0.216807 0.530201 0.216807 0.531879 0.218487 0.531879 0.220168 0.530201
0 0.171429 0.511745 0.171429 0.513423 0.176471 0.513423 0.176471 0.511745
0 0.492437 0.501678 0.492437 0.503356 0.494118 0.503356 0.495798 0.505034 0.499160 0.505034 0.499160 0.503356 0.495798 0.503356 0.494118 0.501678
0 0.457143 0.488255 0.458824 0.494966 0.465546 0.493289 0.473950 0.494966 0.477311 0.489933 0.470588 0.489933 0.468908 0.488255 0.470588 0.484899 0.472269 0.486577 0.477311 0.484899 0.487395 0.486577 0.489076 0.483221 0.494118 0.486577 0.500840 0.486577 0.504202 0.491611 0.509244 0.493289 0.507563 0.496644 0.512605 0.496644 0.512605 0.488255 0.515966 0.484899 0.504202 0.473154 0.500840 0.474832 0.489076 0.473154 0.478992 0.483221 0.473950 0.478188 0.467227 0.479866 0.465546 0.478188 0.470588 0.471477 0.484034 0.468121 0.487395 0.469799 0.487395 0.464765 0.478992 0.463087 0.473950 0.464765 0.470588 0.469799 0.467227 0.469799 0.460504 0.476510 0.462185 0.483221 0.467227 0.481544 0.468908 0.484899 0.465546 0.488255 0.462185 0.486577
0 0.586555 0.401007 0.586555 0.402685 0.591597 0.402685 0.591597 0.401007
0 0.240336 0.362416 0.240336 0.364094 0.243697 0.364094 0.243697 0.362416
0 0.201681 0.348993 0.201681 0.350671 0.205042 0.350671 0.205042 0.348993
0 0.077311 0.271812 0.077311 0.273490 0.082353 0.273490 0.082353 0.271812