0 0.862185 0.994966 0.036975 0.010067
0 0.931933 0.990772 0.005042 0.005034
0 0.980672 0.963926 0.005042 0.005034
0 0.925210 0.963926 0.008403 0.005034
0 0.924370 0.955537 0.006723 0.008389
0 0.942017 0.947148 0.018487 0.018456
0 0.884034 0.924497 0.006723 0.010067
0 0.932773 0.887584 0.013445 0.013423
0 0.877311 0.738255 0.006723 0.006711
0 0.485714 0.589765 0.023529 0.008389
0 0.512605 0.592282 0.016807 0.016779
0 0.491597 0.571309 0.025210 0.018456
0 0.562185 0.550336 0.008403 0.006711
0 0.640336 0.542785 0.006723 0.011745
0 0.533613 0.541946 0.028571 0.016779
0 0.555462 0.537752 0.011765 0.015101
0 0.637815 0.533557 0.008403 0.013423
0 0.553782 0.523490 0.005042 0.003356
0 0.538655 0.521812 0.005042 0.003356
0 0.519328 0.525168 0.010084 0.010067
0 0.514286 0.516779 0.006723 0.006711
0 0.531933 0.500000 0.005042 0.003356
0 0.416807 0.495805 0.006723 0.008389
0 0.574790 0.491611 0.010084 0.003356
0 0.541176 0.489094 0.003361 0.008389
0 0.580672 0.483221 0.011765 0.010067
0 0.557983 0.498322 0.030252 0.040268
0 0.561345 0.470638 0.013445 0.008389
0 0.430252 0.470638 0.023529 0.011745
0 0.535294 0.466443 0.035294 0.010067
0 0.512605 0.448826 0.010084 0.008389
0 0.429412 0.442953 0.028571 0.023490
0 0.442857 0.431208 0.005042 0.006711
0 0.514286 0.435403 0.013445 0.025168
0 0.433613 0.425336 0.006723 0.005034
0 0.437815 0.416946 0.005042 0.005034
0 0.518487 0.395134 0.005042 0.008389
0 0.520168 0.387584 0.005042 0.003356
0 0.531933 0.403523 0.062185 0.041946
0 0.467227 0.395134 0.121008 0.058725
0 0.342017 0.186242 0.035294 0.020134
0 0.427731 0.166107 0.008403 0.003356
0 0.338655 0.167785 0.008403 0.006711