0 0.063973 0.994966 0.063973 0.996644 0.067340 0.996644 0.067340 0.994966
0 0.823232 0.850671 0.823232 0.852349 0.824916 0.854027 0.829966 0.854027 0.831650 0.855705 0.833333 0.855705 0.835017 0.854027 0.836700 0.855705 0.838384 0.855705 0.838384 0.854027 0.836700 0.852349 0.833333 0.852349 0.831650 0.850671 0.831650 0.848993 0.828283 0.848993 0.826599 0.850671
0 0.840067 0.843960 0.840067 0.847315 0.845118 0.847315 0.846801 0.848993 0.845118 0.850671 0.845118 0.852349 0.846801 0.854027 0.850168 0.854027 0.853535 0.857383 0.853535 0.859060 0.855219 0.859060 0.856902 0.860738 0.858586 0.860738 0.860269 0.862416 0.861953 0.862416 0.861953 0.860738 0.863636 0.859060 0.865320 0.859060 0.865320 0.852349 0.863636 0.850671 0.863636 0.848993 0.858586 0.848993 0.855219 0.845638 0.855219 0.843960
0 0.797980 0.842282 0.797980 0.845638 0.799663 0.845638 0.801347 0.847315 0.799663 0.848993 0.799663 0.852349 0.801347 0.852349 0.803030 0.854027 0.804714 0.854027 0.806397 0.855705 0.813131 0.855705 0.814815 0.854027 0.816498 0.854027 0.816498 0.852349 0.813131 0.852349 0.809764 0.848993 0.804714 0.848993 0.803030 0.847315 0.803030 0.842282
0 0.833333 0.825503 0.833333 0.828859 0.836700 0.828859 0.840067 0.832215 0.840067 0.833893 0.841751 0.833893 0.841751 0.832215 0.840067 0.830537 0.840067 0.827181 0.838384 0.825503
0 0.824916 0.812081 0.823232 0.812081 0.821549 0.813758 0.821549 0.815436 0.824916 0.815436
0 0.828283 0.812081 0.829966 0.812081 0.831650 0.813758 0.833333 0.813758 0.833333 0.812081 0.835017 0.810403 0.836700 0.812081 0.838384 0.812081 0.840067 0.810403 0.841751 0.812081 0.843434 0.812081 0.843434 0.810403 0.846801 0.807047 0.846801 0.805369 0.845118 0.803691 0.838384 0.803691 0.836700 0.805369 0.835017 0.803691 0.829966 0.803691 0.829966 0.807047 0.828283 0.808725
0 0.681818 0.689597 0.681818 0.691275 0.686869 0.691275 0.686869 0.689597
0 0.695286 0.684564 0.695286 0.687919 0.700337 0.687919 0.698653 0.687919 0.696970 0.686242 0.696970 0.684564
0 0.473064 0.545302 0.473064 0.548658 0.471380 0.550336 0.471380 0.552013 0.476431 0.552013 0.476431 0.550336 0.474747 0.548658 0.474747 0.545302
0 0.478114 0.520134 0.476431 0.526846 0.479798 0.530201 0.479798 0.531879 0.483165 0.531879 0.484848 0.533557 0.484848 0.536913 0.488215 0.538591 0.488215 0.545302 0.489899 0.545302 0.491582 0.548658 0.505051 0.545302 0.503367 0.541946 0.506734 0.540268 0.510101 0.541946 0.511785 0.545302 0.515152 0.545302 0.520202 0.550336 0.523569 0.552013 0.530303 0.552013 0.530303 0.548658 0.528620 0.546980 0.530303 0.543624 0.528620 0.541946 0.528620 0.538591 0.523569 0.531879 0.516835 0.530201 0.516835 0.531879 0.513468 0.533557 0.510101 0.530201 0.505051 0.530201 0.503367 0.526846 0.498316 0.523490 0.498316 0.521812 0.494949 0.521812 0.493266 0.525168 0.491582 0.523490 0.491582 0.518456
0 0.511785 0.520134 0.516835 0.520134 0.518519 0.518456 0.521886 0.518456 0.521886 0.515101 0.513468 0.515101 0.513468 0.516779 0.511785 0.518456
0 0.417508 0.513423 0.417508 0.515101 0.415825 0.516779 0.415825 0.518456 0.420875 0.518456 0.420875 0.516779 0.422559 0.515101 0.422559 0.513423
0 0.508418 0.510067 0.506734 0.510067 0.505051 0.511745 0.503367 0.511745 0.503367 0.515101 0.508418 0.515101
0 0.705387 0.510067 0.705387 0.508389 0.703704 0.506711 0.705387 0.505034 0.705387 0.501678 0.703704 0.501678 0.702020 0.500000 0.702020 0.498322 0.700337 0.498322 0.700337 0.500000 0.698653 0.501678 0.696970 0.501678 0.696970 0.503356 0.695286 0.505034 0.691919 0.505034 0.690236 0.503356 0.690236 0.500000 0.688552 0.500000 0.686869 0.501678 0.685185 0.501678 0.685185 0.505034 0.690236 0.505034 0.691919 0.506711 0.700337 0.506711 0.703704 0.510067