0 0.929412 0.988255 0.929412 0.989933 0.932773 0.993289 0.934454 0.993289 0.934454 0.989933 0.932773 0.989933 0.931092 0.988255
0 0.865546 0.983221 0.865546 0.988255 0.863866 0.989933 0.863866 0.991611 0.865546 0.993289 0.873950 0.993289 0.875630 0.994966 0.875630 0.998322 0.878992 0.998322 0.878992 0.993289 0.877311 0.991611 0.873950 0.991611 0.872269 0.989933 0.873950 0.988255 0.875630 0.988255 0.877311 0.986577 0.878992 0.988255 0.880672 0.988255 0.880672 0.986577 0.878992 0.984899 0.870588 0.984899 0.868908 0.983221
0 0.981513 0.961409 0.981513 0.964765 0.983193 0.966443 0.984874 0.966443 0.986555 0.964765 0.986555 0.961409
0 0.924370 0.959732 0.924370 0.964765 0.929412 0.964765 0.929412 0.959732
0 0.946218 0.946309 0.941176 0.946309 0.941176 0.949664 0.939496 0.951342 0.936134 0.951342 0.936134 0.953020 0.939496 0.953020 0.941176 0.951342 0.946218 0.951342
0 0.873950 0.921141 0.873950 0.922819 0.875630 0.922819 0.877311 0.924497 0.878992 0.924497 0.880672 0.926174 0.884034 0.926174 0.884034 0.924497 0.880672 0.921141 0.880672 0.919463 0.875630 0.919463
0 0.926050 0.887584 0.926050 0.889262 0.929412 0.889262 0.931092 0.890940 0.931092 0.892617 0.932773 0.894295 0.932773 0.895973 0.934454 0.895973 0.934454 0.892617 0.936134 0.890940 0.936134 0.889262 0.937815 0.887584 0.937815 0.885906 0.931092 0.885906 0.929412 0.887584
0 0.492437 0.538591 0.489076 0.538591 0.489076 0.540268 0.487395 0.541946 0.487395 0.545302 0.489076 0.545302 0.489076 0.541946 0.490756 0.540268 0.492437 0.540268
0 0.418487 0.582215 0.418487 0.585570 0.423529 0.585570 0.428571 0.592282 0.435294 0.592282 0.436975 0.595638 0.462185 0.604027 0.463866 0.598993 0.470588 0.597315 0.475630 0.605705 0.502521 0.604027 0.510924 0.595638 0.526050 0.592282 0.499160 0.575503 0.502521 0.572148 0.489076 0.563758 0.490756 0.560403 0.487395 0.548658 0.484034 0.552013 0.468908 0.548658 0.460504 0.531879 0.457143 0.538591 0.450420 0.538591 0.443697 0.543624 0.433613 0.545302 0.428571 0.557047 0.435294 0.567114 0.425210 0.573826 0.421849 0.582215
0 0.636975 0.528523 0.636975 0.531879 0.638655 0.531879 0.638655 0.528523
0 0.435294 0.528523 0.435294 0.530201 0.440336 0.530201 0.442017 0.531879 0.447059 0.531879 0.448739 0.533557 0.450420 0.533557 0.450420 0.531879 0.452101 0.530201 0.453782 0.530201 0.453782 0.528523 0.452101 0.526846 0.450420 0.526846 0.448739 0.525168 0.440336 0.525168 0.440336 0.526846 0.438655 0.528523
0 0.517647 0.511745 0.514286 0.511745 0.512605 0.513423 0.512605 0.515101 0.515966 0.515101 0.517647 0.513423
0 0.521008 0.510067 0.521008 0.511745 0.522689 0.511745 0.524370 0.513423 0.526050 0.513423 0.526050 0.511745 0.524370 0.510067
0 0.568067 0.479866 0.568067 0.481544 0.573109 0.481544 0.573109 0.479866 0.571429 0.478188 0.569748 0.478188
0 0.517647 0.464765 0.514286 0.471477 0.536134 0.483221 0.541176 0.481544 0.542857 0.484899 0.536134 0.486577 0.527731 0.500000 0.532773 0.508389 0.531092 0.511745 0.534454 0.513423 0.531092 0.523490 0.524370 0.518456 0.526050 0.521812 0.519328 0.523490 0.515966 0.528523 0.522689 0.536913 0.542857 0.541946 0.544538 0.546980 0.556303 0.545302 0.557983 0.535235 0.551261 0.528523 0.556303 0.521812 0.556303 0.515101 0.549580 0.510067 0.554622 0.508389 0.556303 0.511745 0.563025 0.511745 0.563025 0.508389 0.557983 0.505034 0.549580 0.506711 0.549580 0.501678 0.537815 0.500000 0.534454 0.493289 0.561345 0.489933 0.564706 0.481544 0.556303 0.479866 0.551261 0.483221 0.547899 0.479866 0.549580 0.476510 0.559664 0.474832 0.559664 0.469799 0.547899 0.469799 0.537815 0.464765
0 0.515966 0.454698 0.514286 0.454698 0.512605 0.456376 0.509244 0.456376 0.509244 0.458054 0.512605 0.458054 0.514286 0.456376 0.515966 0.456376
0 0.463866 0.441275 0.463866 0.442953 0.467227 0.442953 0.467227 0.441275
0 0.452101 0.434564 0.452101 0.439597 0.458824 0.439597 0.458824 0.437919 0.457143 0.437919 0.455462 0.436242 0.455462 0.434564
0 0.463866 0.429530 0.463866 0.431208 0.467227 0.431208 0.467227 0.429530
0 0.489076 0.426174 0.489076 0.427852 0.487395 0.429530 0.487395 0.432886 0.492437 0.432886 0.494118 0.431208 0.495798 0.431208 0.497479 0.432886 0.497479 0.434564 0.494118 0.437919 0.494118 0.439597 0.495798 0.441275 0.497479 0.441275 0.499160 0.442953 0.499160 0.444631 0.504202 0.446309 0.505882 0.447987 0.505882 0.449664 0.509244 0.449664 0.509244 0.447987 0.505882 0.447987 0.504202 0.446309 0.505882 0.444631 0.512605 0.444631 0.514286 0.446309 0.519328 0.446309 0.521008 0.441275 0.517647 0.441275 0.515966 0.439597 0.517647 0.434564 0.514286 0.431208 0.514286 0.427852 0.512605 0.427852 0.504202 0.422819 0.500840 0.422819 0.499160 0.421141 0.494118 0.421141 0.492437 0.422819 0.492437 0.424497 0.490756 0.426174
0 0.485714 0.379195 0.470588 0.382550 0.463866 0.387584 0.462185 0.397651 0.457143 0.395973 0.453782 0.402685 0.433613 0.411074 0.431933 0.424497 0.433613 0.427852 0.440336 0.426174 0.436975 0.468121 0.416807 0.471477 0.401681 0.481544 0.403361 0.486577 0.413445 0.488255 0.420168 0.496644 0.418487 0.503356 0.430252 0.508389 0.438655 0.518456 0.442017 0.515101 0.433613 0.505034 0.435294 0.498322 0.423529 0.496644 0.428571 0.489933 0.447059 0.484899 0.440336 0.461409 0.445378 0.453020 0.443697 0.444631 0.452101 0.442953 0.445378 0.434564 0.447059 0.426174 0.436975 0.419463 0.455462 0.409396 0.468908 0.409396 0.475630 0.402685 0.477311 0.406040 0.484034 0.404362 0.487395 0.399329 0.502521 0.412752 0.512605 0.406040 0.514286 0.397651
0 0.326050 0.184564 0.326050 0.186242 0.327731 0.187919 0.326050 0.189597 0.331092 0.189597 0.332773 0.191275 0.334454 0.191275 0.337815 0.187919 0.342857 0.187919 0.346218 0.191275 0.351261 0.191275 0.351261 0.187919 0.352941 0.186242 0.352941 0.184564 0.351261 0.184564 0.349580 0.182886 0.349580 0.181208 0.347899 0.181208 0.346218 0.179530 0.334454 0.179530 0.332773 0.177852 0.331092 0.177852 0.331092 0.181208 0.329412 0.182886 0.327731 0.182886
0 0.336134 0.162752 0.336134 0.164430 0.337815 0.166107 0.341176 0.166107 0.341176 0.164430 0.339496 0.162752
0 0.331092 0.156040 0.331092 0.157718 0.336134 0.157718 0.336134 0.156040 0.334454 0.154362 0.332773 0.154362