0 0.927731 0.988255 0.927731 0.989933 0.931092 0.989933 0.932773 0.991611 0.934454 0.991611 0.934454 0.988255 0.932773 0.988255 0.931092 0.986577 0.929412 0.986577
0 0.865546 0.989933 0.865546 0.993289 0.875630 0.993289 0.877311 0.994966 0.877311 0.998322 0.885714 0.998322 0.885714 0.994966 0.884034 0.994966 0.882353 0.993289 0.880672 0.993289 0.878992 0.991611 0.878992 0.989933 0.880672 0.988255 0.884034 0.988255 0.882353 0.988255 0.880672 0.986577 0.872269 0.986577 0.870588 0.984899 0.868908 0.984899 0.868908 0.986577
0 0.890756 0.981544 0.887395 0.981544 0.887395 0.986577 0.889076 0.986577 0.890756 0.984899
0 0.998319 0.973154 0.996639 0.973154 0.994958 0.974832 0.994958 0.976510 0.996639 0.976510 0.998319 0.974832
0 0.964706 0.969799 0.964706 0.971477 0.976471 0.971477 0.976471 0.969799 0.974790 0.969799 0.973109 0.968121 0.968067 0.968121 0.966387 0.969799
0 0.989916 0.964765 0.989916 0.966443 0.991597 0.968121 0.991597 0.969799 0.994958 0.969799 0.994958 0.968121 0.993277 0.968121 0.991597 0.966443 0.991597 0.964765
0 0.978151 0.963087 0.978151 0.966443 0.979832 0.968121 0.981513 0.968121 0.984874 0.964765 0.986555 0.964765 0.986555 0.963087 0.984874 0.963087 0.983193 0.964765 0.981513 0.964765 0.979832 0.963087
0 0.924370 0.959732 0.924370 0.963087 0.934454 0.963087 0.934454 0.959732 0.929412 0.959732 0.927731 0.961409 0.926050 0.959732
0 0.932773 0.954698 0.934454 0.956376 0.936134 0.956376 0.936134 0.954698 0.937815 0.953020 0.941176 0.953020 0.942857 0.954698 0.942857 0.958054 0.944538 0.959732 0.947899 0.959732 0.947899 0.958054 0.949580 0.956376 0.949580 0.953020 0.951261 0.951342 0.954622 0.951342 0.954622 0.949664 0.951261 0.949664 0.951261 0.951342 0.949580 0.953020 0.947899 0.953020 0.944538 0.949664 0.944538 0.947987 0.941176 0.947987 0.939496 0.949664 0.937815 0.947987 0.937815 0.946309 0.936134 0.946309 0.936134 0.947987 0.937815 0.947987 0.939496 0.949664 0.937815 0.951342 0.936134 0.951342 0.934454 0.953020 0.932773 0.953020
0 0.875630 0.919463 0.875630 0.922819 0.877311 0.924497 0.877311 0.926174 0.878992 0.926174 0.880672 0.927852 0.882353 0.927852 0.882353 0.922819 0.880672 0.922819 0.878992 0.921141 0.878992 0.919463
0 0.937815 0.884228 0.934454 0.884228 0.932773 0.885906 0.926050 0.885906 0.924370 0.887584 0.924370 0.889262 0.927731 0.889262 0.929412 0.890940 0.927731 0.892617 0.924370 0.892617 0.922689 0.894295 0.919328 0.894295 0.919328 0.895973 0.924370 0.895973 0.926050 0.894295 0.932773 0.894295 0.934454 0.892617 0.937815 0.892617 0.939496 0.890940 0.939496 0.887584 0.937815 0.885906
0 0.863866 0.736577 0.863866 0.738255 0.870588 0.738255 0.872269 0.739933 0.877311 0.739933 0.878992 0.738255 0.880672 0.738255 0.880672 0.736577 0.872269 0.736577 0.870588 0.734899 0.865546 0.734899
0 0.514286 0.489933 0.514286 0.491611 0.517647 0.491611 0.517647 0.489933
0 0.472269 0.454698 0.470588 0.454698 0.468908 0.456376 0.467227 0.456376 0.467227 0.459732 0.468908 0.459732 0.470588 0.458054 0.472269 0.459732 0.473950 0.459732 0.473950 0.458054 0.472269 0.456376
0 0.494118 0.419463 0.495798 0.429530 0.502521 0.434564 0.495798 0.434564 0.489076 0.426174 0.490756 0.441275 0.504202 0.446309 0.505882 0.463087 0.514286 0.459732 0.517647 0.468121 0.509244 0.468121 0.504202 0.481544 0.529412 0.489933 0.527731 0.501678 0.507563 0.511745 0.512605 0.515101 0.509244 0.520134 0.510924 0.533557 0.552941 0.543624 0.547899 0.506711 0.536134 0.505034 0.531092 0.500000 0.534454 0.491611 0.539496 0.489933 0.531092 0.486577 0.536134 0.483221 0.532773 0.473154 0.537815 0.468121 0.519328 0.461409 0.519328 0.446309 0.515966 0.453020 0.504202 0.446309 0.500840 0.436242 0.507563 0.434564 0.510924 0.426174 0.502521 0.424497 0.500840 0.417785
0 0.475630 0.384228 0.465546 0.397651 0.457143 0.397651 0.452101 0.407718 0.445378 0.406040 0.433613 0.416107 0.431933 0.426174 0.443697 0.429530 0.431933 0.453020 0.436975 0.468121 0.423529 0.476510 0.416807 0.505034 0.448739 0.530201 0.443697 0.548658 0.472269 0.563758 0.487395 0.563758 0.494118 0.533557 0.504202 0.520134 0.495798 0.511745 0.482353 0.520134 0.457143 0.510067 0.462185 0.493289 0.458824 0.496644 0.450420 0.489933 0.472269 0.484899 0.470588 0.468121 0.465546 0.469799 0.453782 0.453020 0.462185 0.451342 0.455462 0.439597 0.472269 0.449664 0.463866 0.436242 0.467227 0.429530 0.453782 0.426174 0.453782 0.414430 0.460504 0.409396 0.485714 0.414430 0.487395 0.406040 0.490756 0.414430 0.505882 0.414430 0.497479 0.397651 0.487395 0.397651 0.495798 0.389262
0 0.381513 0.285235 0.381513 0.286913 0.384874 0.286913 0.384874 0.285235
0 0.342857 0.179530 0.336134 0.179530 0.334454 0.177852 0.331092 0.177852 0.331092 0.182886 0.329412 0.184564 0.326050 0.184564 0.326050 0.189597 0.327731 0.191275 0.327731 0.192953 0.329412 0.192953 0.329412 0.191275 0.327731 0.189597 0.329412 0.187919 0.329412 0.184564 0.331092 0.182886 0.332773 0.182886 0.334454 0.184564 0.332773 0.186242 0.332773 0.187919 0.334454 0.187919 0.336134 0.189597 0.339496 0.189597 0.339496 0.187919 0.342857 0.184564 0.344538 0.184564 0.344538 0.182886 0.342857 0.181208
0 0.336134 0.162752 0.336134 0.164430 0.341176 0.164430 0.341176 0.162752
0 0.329412 0.157718 0.329412 0.159396 0.334454 0.159396 0.336134 0.157718 0.337815 0.159396 0.341176 0.159396 0.341176 0.157718 0.339496 0.156040 0.337815 0.156040 0.336134 0.154362 0.334454 0.154362 0.331092 0.157718
0 0.215126 0.006711 0.215126 0.008389 0.218487 0.008389 0.218487 0.006711