0 0.824916 0.848993 0.824916 0.850671 0.826599 0.852349 0.833333 0.852349 0.833333 0.850671 0.828283 0.850671 0.826599 0.848993
0 0.861953 0.845638 0.861953 0.847315 0.865320 0.847315 0.865320 0.845638
0 0.840067 0.843960 0.840067 0.845638 0.841751 0.847315 0.841751 0.848993 0.853535 0.848993 0.855219 0.847315 0.856902 0.847315 0.855219 0.847315 0.853535 0.845638 0.853535 0.843960 0.850168 0.843960 0.848485 0.842282 0.843434 0.842282 0.841751 0.843960
0 0.799663 0.842282 0.799663 0.854027 0.803030 0.854027 0.804714 0.855705 0.808081 0.855705 0.809764 0.854027 0.816498 0.854027 0.818182 0.852349 0.818182 0.850671 0.814815 0.850671 0.813131 0.852349 0.811448 0.852349 0.809764 0.850671 0.808081 0.850671 0.804714 0.847315 0.804714 0.842282
0 0.782828 0.828859 0.782828 0.830537 0.786195 0.830537 0.786195 0.828859
0 0.836700 0.825503 0.835017 0.827181 0.835017 0.830537 0.836700 0.830537 0.838384 0.832215 0.841751 0.832215 0.841751 0.827181 0.840067 0.827181 0.838384 0.825503
0 0.819865 0.813758 0.819865 0.817114 0.821549 0.818792 0.824916 0.818792 0.826599 0.817114 0.828283 0.817114 0.829966 0.818792 0.831650 0.818792 0.833333 0.817114 0.835017 0.817114 0.835017 0.815436 0.833333 0.813758 0.835017 0.812081 0.835017 0.810403 0.831650 0.810403 0.829966 0.808725 0.829966 0.807047 0.826599 0.807047 0.826599 0.810403 0.824916 0.812081 0.823232 0.812081 0.821549 0.813758
0 0.676768 0.684564 0.678451 0.684564 0.680135 0.686242 0.678451 0.687919 0.678451 0.691275 0.681818 0.691275 0.683502 0.692953 0.686869 0.692953 0.688552 0.691275 0.693603 0.691275 0.695286 0.689597 0.696970 0.689597 0.698653 0.687919 0.700337 0.687919 0.700337 0.686242 0.688552 0.686242 0.686869 0.687919 0.685185 0.686242 0.685185 0.684564 0.683502 0.682886 0.680135 0.682886 0.678451 0.684564
0 0.510101 0.518456 0.508418 0.518456 0.505051 0.515101 0.505051 0.513423 0.501684 0.513423 0.501684 0.515101 0.500000 0.516779 0.500000 0.518456 0.498316 0.520134 0.496633 0.518456 0.494949 0.518456 0.493266 0.516779 0.489899 0.516779 0.489899 0.520134 0.491582 0.521812 0.491582 0.523490 0.496633 0.523490 0.498316 0.525168 0.500000 0.525168 0.500000 0.523490 0.498316 0.521812 0.498316 0.520134 0.500000 0.518456 0.501684 0.518456 0.503367 0.520134 0.510101 0.520134
0 0.693603 0.500000 0.693603 0.505034 0.698653 0.505034 0.698653 0.503356 0.700337 0.501678 0.700337 0.500000
0 0.966330 0.107383 0.964646 0.107383 0.962963 0.109060 0.962963 0.110738 0.966330 0.110738