0 0.872269 0.992450 0.016807 0.015101
0 0.985714 0.964765 0.005042 0.003356
0 0.925210 0.963087 0.005042 0.003356
0 0.944538 0.948826 0.013445 0.018456
0 0.882353 0.923658 0.013445 0.008389
0 0.934454 0.886745 0.010084 0.008389
0 0.468908 0.569631 0.006723 0.005034
0 0.555462 0.543624 0.005042 0.003356
0 0.416807 0.549497 0.016807 0.018456
0 0.557143 0.537752 0.005042 0.005034
0 0.526050 0.538591 0.006723 0.006711
0 0.542857 0.540268 0.020168 0.016779
0 0.636134 0.536074 0.011765 0.015101
0 0.522689 0.526846 0.013445 0.013423
0 0.514286 0.515940 0.006723 0.005034
0 0.505042 0.515101 0.005042 0.006711
0 0.560504 0.512584 0.011765 0.011745
0 0.541176 0.512584 0.016807 0.025168
0 0.465546 0.542785 0.097479 0.112416
0 0.550420 0.481544 0.065546 0.036913
0 0.426891 0.470638 0.030252 0.028523
0 0.494958 0.438758 0.005042 0.005034
0 0.510924 0.437081 0.020168 0.018456
0 0.505042 0.426174 0.008403 0.006711
0 0.468908 0.415268 0.127731 0.078859
0 0.338655 0.187081 0.031933 0.018456
0 0.338655 0.166107 0.008403 0.006711
0 0.335294 0.157718 0.008403 0.006711