0 0.872269 0.993289 0.016807 0.013423
0 0.957143 0.949664 0.008403 0.006711
0 0.939496 0.942953 0.013445 0.010067
0 0.882353 0.924497 0.006723 0.006711
0 0.934454 0.889262 0.013445 0.013423
0 0.457143 0.581376 0.006723 0.005034
0 0.446218 0.573826 0.008403 0.006711
0 0.491597 0.580537 0.052101 0.040268
0 0.436134 0.550336 0.015126 0.023490
0 0.536975 0.541107 0.031933 0.015101
0 0.555462 0.535235 0.008403 0.006711
0 0.638655 0.538591 0.010084 0.020134
0 0.435294 0.532718 0.026891 0.011745
0 0.521849 0.527685 0.011765 0.011745
0 0.539496 0.522651 0.010084 0.005034
0 0.436134 0.521812 0.005042 0.003356
0 0.514286 0.515940 0.006723 0.005034
0 0.572269 0.505034 0.005042 0.003356
0 0.426050 0.508389 0.015126 0.010067
0 0.552941 0.509228 0.026891 0.018456
0 0.416807 0.492450 0.016807 0.018456
0 0.560504 0.488255 0.052101 0.020134
0 0.523529 0.468960 0.008403 0.005034
0 0.430252 0.471477 0.023529 0.013423
0 0.547059 0.468960 0.035294 0.011745
0 0.523529 0.456376 0.005042 0.003356
0 0.515966 0.442953 0.010084 0.010067
0 0.509244 0.437919 0.006723 0.003356
0 0.514286 0.431208 0.006723 0.003356
0 0.431933 0.442114 0.033613 0.028523
0 0.521008 0.414430 0.036975 0.026846
0 0.468908 0.398490 0.110924 0.052013
0 0.339496 0.187081 0.033613 0.018456
0 0.426050 0.166107 0.005042 0.003356
0 0.340336 0.163591 0.011765 0.011745