0 0.471380 0.538591 0.471380 0.540268 0.474747 0.540268 0.474747 0.538591
0 0.461279 0.533557 0.461279 0.535235 0.466330 0.535235 0.466330 0.533557
0 0.457912 0.533557 0.451178 0.533557 0.449495 0.531879 0.449495 0.528523 0.451178 0.526846 0.451178 0.525168 0.447811 0.525168 0.447811 0.528523 0.444444 0.531879 0.442761 0.530201 0.441077 0.530201 0.439394 0.531879 0.436027 0.531879 0.436027 0.533557 0.437710 0.535235 0.437710 0.536913 0.441077 0.536913 0.442761 0.535235 0.444444 0.536913 0.444444 0.538591 0.447811 0.538591 0.449495 0.536913 0.452862 0.536913 0.454545 0.535235 0.457912 0.535235
0 0.459596 0.518456 0.457912 0.518456 0.456229 0.520134 0.454545 0.520134 0.454545 0.521812 0.456229 0.521812 0.457912 0.520134 0.459596 0.520134
0 0.484848 0.508389 0.484848 0.510067 0.491582 0.510067 0.491582 0.508389
0 0.459596 0.496644 0.459596 0.498322 0.462963 0.498322 0.464646 0.500000 0.462963 0.501678 0.462963 0.505034 0.464646 0.506711 0.464646 0.510067 0.468013 0.510067 0.471380 0.513423 0.473064 0.513423 0.473064 0.510067 0.471380 0.508389 0.471380 0.506711 0.469697 0.506711 0.468013 0.505034 0.466330 0.505034 0.464646 0.503356 0.464646 0.501678 0.468013 0.498322 0.469697 0.500000 0.469697 0.501678 0.471380 0.501678 0.471380 0.500000 0.473064 0.498322 0.473064 0.496644 0.471380 0.496644 0.469697 0.494966 0.466330 0.494966 0.464646 0.496644
0 0.427609 0.464765 0.427609 0.466443 0.425926 0.468121 0.424242 0.468121 0.424242 0.469799 0.425926 0.471477 0.430976 0.471477 0.432660 0.469799 0.432660 0.468121 0.429293 0.464765
0 0.471380 0.463087 0.471380 0.469799 0.473064 0.469799 0.474747 0.468121 0.476431 0.468121 0.476431 0.464765 0.474747 0.464765 0.473064 0.463087
0 0.439394 0.456376 0.439394 0.459732 0.437710 0.461409 0.436027 0.461409 0.436027 0.463087 0.441077 0.463087 0.442761 0.464765 0.442761 0.466443 0.441077 0.468121 0.439394 0.468121 0.439394 0.473154 0.441077 0.473154 0.442761 0.474832 0.444444 0.474832 0.444444 0.471477 0.446128 0.469799 0.447811 0.469799 0.447811 0.468121 0.446128 0.466443 0.446128 0.459732 0.447811 0.458054 0.447811 0.456376
0 0.430976 0.447987 0.429293 0.447987 0.429293 0.449664 0.427609 0.451342 0.425926 0.451342 0.425926 0.453020 0.427609 0.454698 0.429293 0.454698 0.430976 0.453020 0.432660 0.453020 0.432660 0.449664
0 0.491582 0.444631 0.491582 0.447987 0.498316 0.447987 0.498316 0.446309 0.494949 0.446309 0.493266 0.444631