0 0.872269 0.994966 0.016807 0.010067
0 0.981513 0.963926 0.003361 0.005034
0 0.926050 0.963926 0.006723 0.005034
0 0.958824 0.947987 0.005042 0.003356
0 0.940336 0.942953 0.011765 0.010067
0 0.884034 0.924497 0.006723 0.006711
0 0.934454 0.885906 0.013445 0.006711
0 0.494118 0.589765 0.057143 0.018456
0 0.457143 0.582215 0.006723 0.006711
0 0.446218 0.573826 0.005042 0.003356
0 0.491597 0.572148 0.025210 0.016779
0 0.562185 0.552013 0.005042 0.003356
0 0.434454 0.552852 0.008403 0.011745
0 0.535294 0.541107 0.028571 0.015101
0 0.440336 0.534396 0.003361 0.005034
0 0.554622 0.534396 0.010084 0.008389
0 0.638655 0.538591 0.010084 0.020134
0 0.430252 0.532718 0.010084 0.008389
0 0.539496 0.523490 0.006723 0.003356
0 0.521849 0.527685 0.011765 0.011745
0 0.514286 0.516779 0.006723 0.006711
0 0.557983 0.512584 0.016807 0.015101
0 0.573950 0.505872 0.005042 0.005034
0 0.423529 0.505872 0.010084 0.008389
0 0.418487 0.491611 0.016807 0.016779
0 0.578992 0.485738 0.015126 0.015101
0 0.553782 0.492450 0.035294 0.028523
0 0.563025 0.470638 0.013445 0.008389
0 0.536134 0.468960 0.036975 0.008389
0 0.431092 0.472315 0.021849 0.015101
0 0.518487 0.441275 0.005042 0.010067
0 0.431092 0.442953 0.028571 0.023490
0 0.530252 0.408557 0.058824 0.045302
0 0.467227 0.395973 0.117647 0.053691
0 0.349580 0.192953 0.006723 0.006711
0 0.339496 0.186242 0.033613 0.016779
0 0.426891 0.166946 0.006723 0.005034
0 0.336975 0.162752 0.015126 0.016779