0 0.147059 0.917785 0.005042 0.003356
0 0.161345 0.919463 0.020168 0.013423
0 0.141176 0.907718 0.010084 0.010067
0 0.217647 0.890101 0.005042 0.005034
0 0.206723 0.890101 0.013445 0.005034
0 0.176471 0.883389 0.006723 0.005034
0 0.147059 0.882550 0.015126 0.016779
0 0.230252 0.870805 0.006723 0.003356
0 0.179832 0.865772 0.006723 0.003356
0 0.274790 0.660235 0.015126 0.011745
0 0.549580 0.510906 0.006723 0.005034
0 0.446218 0.510067 0.005042 0.006711
0 0.528571 0.508389 0.005042 0.006711
0 0.563866 0.512584 0.015126 0.021812
0 0.558824 0.500839 0.005042 0.005034
0 0.550420 0.486577 0.005042 0.003356
0 0.516807 0.459732 0.005042 0.006711
0 0.478992 0.462248 0.010084 0.018456
0 0.491597 0.437919 0.008403 0.003356