0 0.972269 0.697148 0.005042 0.005034
0 0.994958 0.687919 0.010084 0.016779
0 0.963025 0.685403 0.016807 0.018456
0 0.974790 0.672819 0.006723 0.003356
0 0.989916 0.670302 0.013445 0.008389
0 0.515126 0.522651 0.011765 0.011745
0 0.479832 0.513423 0.005042 0.003356
0 0.505042 0.508389 0.005042 0.003356
0 0.498319 0.520973 0.025210 0.031879
0 0.515966 0.502517 0.006723 0.005034
0 0.535294 0.499161 0.015126 0.011745
0 0.470588 0.488255 0.006723 0.003356
0 0.375630 0.491611 0.011765 0.010067
0 0.387395 0.486577 0.005042 0.003356
0 0.485714 0.468121 0.006723 0.003356
0 0.476471 0.465604 0.005042 0.005034
0 0.511765 0.468121 0.015126 0.016779
0 0.334454 0.134228 0.006723 0.003356
0 0.588235 0.119966 0.006723 0.005034
0 0.831092 0.118289 0.008403 0.005034
0 0.284874 0.109899 0.005042 0.005034
0 0.810924 0.090604 0.011765 0.010067
0 0.935294 0.041946 0.025210 0.010067
0 0.924370 0.031040 0.023529 0.008389