0 0.514286 0.521812 0.512605 0.521812 0.510924 0.523490 0.509244 0.523490 0.507563 0.525168 0.507563 0.526846 0.509244 0.526846 0.510924 0.525168 0.512605 0.525168 0.514286 0.523490
0 0.539496 0.513423 0.539496 0.520134 0.536134 0.523490 0.534454 0.523490 0.534454 0.525168 0.536134 0.525168 0.537815 0.526846 0.536134 0.528523 0.536134 0.530201 0.539496 0.530201 0.541176 0.531879 0.539496 0.533557 0.539496 0.536913 0.541176 0.536913 0.542857 0.538591 0.542857 0.541946 0.544538 0.541946 0.546218 0.543624 0.546218 0.548658 0.547899 0.548658 0.549580 0.550336 0.554622 0.550336 0.554622 0.546980 0.556303 0.545302 0.557983 0.545302 0.557983 0.543624 0.556303 0.543624 0.552941 0.540268 0.554622 0.538591 0.556303 0.538591 0.556303 0.536913 0.552941 0.533557 0.554622 0.531879 0.556303 0.531879 0.556303 0.530201 0.554622 0.530201 0.554622 0.531879 0.552941 0.533557 0.551261 0.533557 0.549580 0.535235 0.546218 0.535235 0.544538 0.533557 0.544538 0.531879 0.539496 0.528523 0.539496 0.521812 0.541176 0.520134 0.541176 0.513423
0 0.458824 0.510067 0.458824 0.511745 0.460504 0.513423 0.462185 0.513423 0.462185 0.511745 0.460504 0.510067
0 0.527731 0.506711 0.526050 0.506711 0.524370 0.508389 0.524370 0.511745 0.526050 0.511745 0.527731 0.510067
0 0.450420 0.489933 0.450420 0.491611 0.448739 0.493289 0.447059 0.493289 0.445378 0.494966 0.443697 0.494966 0.443697 0.496644 0.445378 0.498322 0.445378 0.501678 0.447059 0.501678 0.448739 0.503356 0.452101 0.503356 0.453782 0.505034 0.453782 0.506711 0.457143 0.506711 0.457143 0.505034 0.455462 0.505034 0.453782 0.503356 0.453782 0.501678 0.452101 0.500000 0.450420 0.500000 0.448739 0.498322 0.448739 0.493289 0.450420 0.491611 0.452101 0.491611 0.453782 0.489933 0.455462 0.489933
0 0.465546 0.483221 0.465546 0.484899 0.470588 0.484899 0.470588 0.481544 0.467227 0.481544
0 0.447059 0.476510 0.447059 0.478188 0.448739 0.479866 0.450420 0.479866 0.450420 0.476510
0 0.443697 0.471477 0.438655 0.471477 0.438655 0.473154 0.440336 0.474832 0.438655 0.476510 0.438655 0.479866 0.440336 0.479866 0.442017 0.478188 0.443697 0.478188 0.443697 0.476510 0.442017 0.474832 0.443697 0.473154
0 0.500840 0.458054 0.500840 0.459732 0.504202 0.459732 0.505882 0.461409 0.507563 0.461409 0.507563 0.459732 0.505882 0.459732 0.504202 0.458054
0 0.462185 0.458054 0.462185 0.463087 0.460504 0.464765 0.458824 0.464765 0.458824 0.466443 0.460504 0.468121 0.462185 0.468121 0.463866 0.469799 0.465546 0.469799 0.465546 0.468121 0.463866 0.466443 0.465546 0.464765 0.468908 0.464765 0.470588 0.463087 0.470588 0.461409 0.468908 0.461409 0.467227 0.459732 0.465546 0.459732 0.463866 0.458054
0 0.436975 0.451342 0.436975 0.453020 0.438655 0.453020 0.440336 0.454698 0.436975 0.458054 0.435294 0.458054 0.435294 0.459732 0.440336 0.459732 0.440336 0.458054 0.442017 0.456376 0.442017 0.454698 0.440336 0.453020 0.440336 0.451342
0 0.460504 0.446309 0.457143 0.442953 0.457143 0.441275 0.455462 0.441275 0.453782 0.442953 0.448739 0.442953 0.447059 0.444631 0.443697 0.444631 0.443697 0.451342 0.445378 0.453020 0.447059 0.453020 0.447059 0.449664 0.450420 0.446309 0.452101 0.447987 0.455462 0.447987 0.457143 0.446309 0.458824 0.447987 0.460504 0.447987