0 0.964706 0.679530 0.964706 0.682886 0.968067 0.687919 0.966387 0.692953 0.968067 0.692953 0.969748 0.694631 0.973109 0.694631 0.973109 0.692953 0.974790 0.691275 0.989916 0.691275 0.991597 0.689597 0.993277 0.689597 0.993277 0.686242 0.994958 0.684564 0.998319 0.684564 0.994958 0.684564 0.993277 0.682886 0.993277 0.681208 0.994958 0.679530 0.998319 0.679530 0.998319 0.677852 0.996639 0.676174 0.996639 0.674497 0.993277 0.674497 0.991597 0.672819 0.991597 0.671141 0.974790 0.671141 0.974790 0.672819 0.971429 0.676174 0.966387 0.676174 0.966387 0.677852
0 0.507563 0.511745 0.507563 0.508389 0.504202 0.508389 0.500840 0.505034 0.500840 0.503356 0.497479 0.503356 0.497479 0.505034 0.495798 0.506711 0.494118 0.506711 0.492437 0.505034 0.489076 0.505034 0.487395 0.506711 0.484034 0.506711 0.482353 0.505034 0.478992 0.505034 0.478992 0.508389 0.485714 0.508389 0.490756 0.511745 0.494118 0.511745 0.494118 0.510067 0.495798 0.508389 0.500840 0.508389 0.502521 0.510067 0.499160 0.513423 0.497479 0.513423 0.495798 0.515101 0.490756 0.515101 0.490756 0.516779 0.489076 0.518456 0.489076 0.520134 0.494118 0.520134 0.495798 0.521812 0.500840 0.520134 0.500840 0.518456 0.502521 0.516779 0.505882 0.516779 0.505882 0.513423
0 0.482353 0.496644 0.482353 0.498322 0.489076 0.498322 0.489076 0.496644
0 0.532773 0.493289 0.531092 0.493289 0.527731 0.489933 0.526050 0.489933 0.524370 0.491611 0.521008 0.491611 0.519328 0.493289 0.519328 0.494966 0.521008 0.496644 0.521008 0.501678 0.519328 0.503356 0.512605 0.503356 0.510924 0.505034 0.510924 0.510067 0.514286 0.510067 0.515966 0.508389 0.517647 0.510067 0.527731 0.510067 0.529412 0.508389 0.529412 0.506711 0.527731 0.505034 0.529412 0.503356 0.531092 0.503356 0.532773 0.501678
0 0.468908 0.489933 0.467227 0.491611 0.467227 0.493289 0.465546 0.494966 0.465546 0.496644 0.468908 0.500000 0.468908 0.501678 0.470588 0.501678 0.472269 0.500000 0.473950 0.500000 0.475630 0.501678 0.477311 0.501678 0.477311 0.500000 0.475630 0.500000 0.473950 0.498322 0.473950 0.496644 0.472269 0.494966 0.470588 0.494966 0.468908 0.493289 0.470588 0.491611 0.470588 0.489933
0 0.473950 0.483221 0.470588 0.483221 0.470588 0.486577 0.472269 0.486577 0.473950 0.484899
0 0.389916 0.483221 0.389916 0.484899 0.393277 0.484899 0.393277 0.483221
0 0.521008 0.464765 0.519328 0.464765 0.517647 0.463087 0.514286 0.463087 0.514286 0.469799 0.512605 0.471477 0.510924 0.469799 0.502521 0.469799 0.500840 0.471477 0.499160 0.471477 0.495798 0.474832 0.495798 0.476510 0.512605 0.476510 0.514286 0.474832 0.514286 0.471477 0.515966 0.469799 0.519328 0.469799 0.521008 0.468121
0 0.475630 0.468121 0.475630 0.469799 0.484034 0.469799 0.485714 0.468121 0.485714 0.463087 0.478992 0.463087 0.477311 0.464765 0.477311 0.466443
0 0.236975 0.194631 0.236975 0.196309 0.238655 0.197987 0.238655 0.201342 0.240336 0.203020 0.240336 0.204698 0.245378 0.204698 0.247059 0.206376 0.257143 0.206376 0.257143 0.203020 0.253782 0.203020 0.252101 0.204698 0.248739 0.204698 0.247059 0.203020 0.247059 0.197987 0.245378 0.197987 0.242017 0.194631
0 0.225210 0.194631 0.225210 0.197987 0.231933 0.197987 0.231933 0.196309 0.228571 0.192953 0.226891 0.192953
0 0.579832 0.115772 0.579832 0.119128 0.581513 0.120805 0.584874 0.120805 0.584874 0.119128 0.586555 0.117450 0.586555 0.115772
0 0.805042 0.088926 0.805042 0.090604 0.808403 0.090604 0.808403 0.088926
0 0.584874 0.038591 0.581513 0.038591 0.581513 0.040268 0.579832 0.041946 0.578151 0.041946 0.576471 0.043624 0.576471 0.045302 0.579832 0.045302 0.581513 0.043624 0.581513 0.041946 0.583193 0.040268 0.584874 0.040268
0 0.922689 0.028523 0.922689 0.036913 0.924370 0.038591 0.927731 0.038591 0.929412 0.040268 0.942857 0.040268 0.942857 0.036913 0.941176 0.036913 0.937815 0.033557 0.937815 0.030201 0.936134 0.028523
0 0.668908 0.005034 0.668908 0.006711 0.675630 0.006711 0.675630 0.005034