0 0.986555 0.671141 0.981513 0.671141 0.978151 0.674497 0.976471 0.674497 0.976471 0.676174 0.979832 0.676174 0.981513 0.677852 0.983193 0.677852 0.986555 0.674497
0 0.507563 0.496644 0.507563 0.498322 0.509244 0.498322 0.510924 0.500000 0.510924 0.501678 0.512605 0.501678 0.512605 0.500000 0.510924 0.498322 0.510924 0.496644
0 0.475630 0.501678 0.475630 0.503356 0.477311 0.503356 0.478992 0.505034 0.478992 0.506711 0.480672 0.508389 0.480672 0.510067 0.482353 0.510067 0.482353 0.508389 0.484034 0.506711 0.485714 0.506711 0.485714 0.505034 0.487395 0.503356 0.489076 0.503356 0.490756 0.505034 0.490756 0.506711 0.489076 0.508389 0.489076 0.510067 0.490756 0.510067 0.492437 0.508389 0.492437 0.506711 0.494118 0.505034 0.494118 0.501678 0.492437 0.501678 0.490756 0.500000 0.489076 0.500000 0.487395 0.498322 0.487395 0.496644 0.485714 0.496644 0.485714 0.498322 0.484034 0.500000 0.482353 0.498322 0.482353 0.496644 0.480672 0.496644 0.480672 0.500000 0.478992 0.501678
0 0.470588 0.491611 0.470588 0.493289 0.477311 0.493289 0.477311 0.491611
0 0.527731 0.489933 0.522689 0.488255 0.522689 0.489933 0.519328 0.494966 0.519328 0.496644 0.521008 0.496644 0.522689 0.498322 0.522689 0.500000 0.521008 0.501678 0.515966 0.501678 0.515966 0.503356 0.514286 0.505034 0.510924 0.505034 0.509244 0.506711 0.507563 0.506711 0.505882 0.505034 0.505882 0.501678 0.499160 0.501678 0.497479 0.503356 0.497479 0.506711 0.499160 0.508389 0.499160 0.513423 0.500840 0.515101 0.500840 0.516779 0.504202 0.516779 0.505882 0.515101 0.507563 0.515101 0.507563 0.513423 0.509244 0.511745 0.510924 0.513423 0.514286 0.513423 0.517647 0.508389 0.522689 0.506711 0.522689 0.505034 0.526050 0.501678 0.526050 0.496644 0.527731 0.494966 0.529412 0.494966
0 0.369748 0.484899 0.369748 0.486577 0.373109 0.486577 0.374790 0.488255 0.383193 0.488255 0.383193 0.486577 0.381513 0.486577 0.379832 0.484899
0 0.389916 0.483221 0.389916 0.488255 0.394958 0.488255 0.394958 0.486577 0.391597 0.483221
0 0.527731 0.474832 0.522689 0.473154 0.519328 0.469799 0.519328 0.468121 0.514286 0.468121 0.514286 0.469799 0.509244 0.473154 0.507563 0.471477 0.499160 0.471477 0.497479 0.473154 0.494118 0.473154 0.494118 0.476510 0.497479 0.476510 0.500840 0.479866 0.507563 0.479866 0.509244 0.478188 0.510924 0.479866 0.515966 0.479866 0.515966 0.478188 0.514286 0.476510 0.517647 0.473154 0.522689 0.476510 0.521008 0.478188 0.519328 0.478188 0.519328 0.483221 0.522689 0.483221 0.521008 0.478188 0.522689 0.476510 0.527731 0.476510
0 0.473950 0.468121 0.473950 0.469799 0.477311 0.469799 0.478992 0.471477 0.482353 0.471477 0.482353 0.469799 0.480672 0.468121 0.480672 0.466443 0.475630 0.466443
0 0.231933 0.197987 0.233613 0.197987 0.235294 0.199664 0.236975 0.199664 0.238655 0.197987 0.240336 0.197987 0.240336 0.196309 0.238655 0.194631 0.235294 0.194631
0 0.922689 0.030201 0.922689 0.035235 0.926050 0.035235 0.927731 0.036913 0.931092 0.036913 0.932773 0.035235 0.934454 0.035235 0.934454 0.033557 0.932773 0.031879 0.932773 0.030201