0 0.969748 0.694631 0.968067 0.696309 0.968067 0.701342 0.973109 0.701342 0.973109 0.697987 0.971429 0.696309 0.971429 0.694631
0 0.998319 0.689597 0.996639 0.689597 0.994958 0.691275 0.993277 0.689597 0.988235 0.689597 0.988235 0.692953 0.986555 0.694631 0.984874 0.692953 0.981513 0.692953 0.981513 0.694631 0.979832 0.696309 0.976471 0.696309 0.976471 0.697987 0.979832 0.697987 0.979832 0.696309 0.981513 0.694631 0.984874 0.694631 0.986555 0.696309 0.986555 0.697987 0.989916 0.697987 0.991597 0.696309 0.993277 0.697987 0.998319 0.697987
0 0.951261 0.686242 0.951261 0.687919 0.952941 0.689597 0.952941 0.692953 0.956303 0.692953 0.956303 0.691275 0.957983 0.689597 0.957983 0.687919 0.956303 0.686242
0 0.956303 0.677852 0.956303 0.679530 0.959664 0.679530 0.959664 0.677852
0 0.988235 0.666107 0.988235 0.672819 0.989916 0.674497 0.989916 0.676174 0.993277 0.676174 0.994958 0.677852 0.994958 0.681208 0.998319 0.681208 0.998319 0.676174 0.996639 0.674497 0.996639 0.671141 0.998319 0.669463 0.998319 0.667785 0.996639 0.666107
0 0.475630 0.528523 0.475630 0.530201 0.477311 0.531879 0.477311 0.535235 0.485714 0.535235 0.487395 0.533557 0.492437 0.533557 0.492437 0.531879 0.494118 0.530201 0.494118 0.528523
0 0.489076 0.516779 0.489076 0.521812 0.490756 0.523490 0.492437 0.523490 0.494118 0.521812 0.495798 0.521812 0.495798 0.520134 0.494118 0.518456 0.494118 0.516779
0 0.505882 0.513423 0.505882 0.523490 0.507563 0.525168 0.512605 0.525168 0.512605 0.521812 0.514286 0.520134 0.514286 0.516779 0.512605 0.516779 0.510924 0.515101 0.509244 0.515101 0.507563 0.513423
0 0.484034 0.506711 0.484034 0.508389 0.487395 0.508389 0.490756 0.511745 0.490756 0.513423 0.495798 0.513423 0.497479 0.515101 0.500840 0.515101 0.500840 0.513423 0.497479 0.513423 0.494118 0.510067 0.494118 0.508389 0.489076 0.508389 0.487395 0.506711 0.487395 0.505034 0.485714 0.505034
0 0.472269 0.503356 0.472269 0.505034 0.475630 0.505034 0.475630 0.503356
0 0.374790 0.491611 0.374790 0.493289 0.376471 0.494966 0.376471 0.496644 0.378151 0.496644 0.378151 0.491611
0 0.529412 0.491611 0.529412 0.494966 0.531092 0.494966 0.532773 0.493289 0.534454 0.493289 0.536134 0.491611 0.537815 0.491611 0.539496 0.493289 0.544538 0.493289 0.546218 0.494966 0.547899 0.494966 0.549580 0.496644 0.546218 0.500000 0.544538 0.500000 0.544538 0.501678 0.554622 0.501678 0.554622 0.498322 0.547899 0.491611 0.547899 0.489933 0.531092 0.489933
0 0.500840 0.463087 0.500840 0.464765 0.502521 0.466443 0.504202 0.466443 0.505882 0.468121 0.504202 0.469799 0.500840 0.469799 0.500840 0.471477 0.507563 0.471477 0.509244 0.473154 0.510924 0.473154 0.512605 0.471477 0.514286 0.471477 0.514286 0.469799 0.512605 0.469799 0.509244 0.466443 0.510924 0.464765 0.510924 0.463087 0.509244 0.463087 0.507563 0.461409 0.507563 0.459732 0.505882 0.459732 0.504202 0.461409 0.502521 0.461409
0 0.714286 0.348993 0.710924 0.348993 0.709244 0.350671 0.709244 0.352349 0.712605 0.352349 0.714286 0.350671
0 0.324370 0.139262 0.324370 0.140940 0.326050 0.142617 0.326050 0.144295 0.327731 0.144295 0.329412 0.142617 0.331092 0.142617 0.332773 0.140940 0.329412 0.140940 0.327731 0.139262
0 0.336134 0.130872 0.332773 0.130872 0.332773 0.134228 0.334454 0.134228 0.336134 0.132550
0 0.828571 0.115772 0.828571 0.117450 0.831933 0.117450 0.831933 0.115772
0 0.280672 0.109060 0.280672 0.110738 0.284034 0.110738 0.284034 0.109060
0 0.806723 0.092282 0.806723 0.093960 0.808403 0.093960 0.810084 0.095638 0.818487 0.095638 0.818487 0.093960 0.815126 0.090604 0.808403 0.090604
0 0.922689 0.036913 0.922689 0.041946 0.926050 0.041946 0.927731 0.043624 0.927731 0.045302 0.929412 0.045302 0.932773 0.048658 0.932773 0.050336 0.937815 0.050336 0.939496 0.052013 0.942857 0.052013 0.947899 0.046980 0.949580 0.046980 0.949580 0.043624 0.951261 0.041946 0.951261 0.040268 0.949580 0.038591 0.944538 0.038591 0.942857 0.040268 0.936134 0.040268 0.934454 0.041946 0.932773 0.040268 0.929412 0.040268 0.926050 0.036913
0 0.924370 0.025168 0.924370 0.026846 0.926050 0.028523 0.926050 0.030201 0.929412 0.030201 0.931092 0.031879 0.932773 0.031879 0.932773 0.030201 0.931092 0.028523 0.929412 0.028523 0.927731 0.026846 0.927731 0.025168
0 0.668908 0.005034 0.668908 0.008389 0.670588 0.008389 0.670588 0.005034