0 0.689916 0.781879 0.008403 0.006711
0 0.939496 0.700503 0.006723 0.005034
0 0.749580 0.677852 0.006723 0.006711
0 0.736975 0.677013 0.005042 0.005034
0 0.454622 0.546980 0.008403 0.013423
0 0.467227 0.526007 0.006723 0.005034
0 0.484874 0.521812 0.005042 0.003356
0 0.387395 0.495805 0.005042 0.005034
0 0.712605 0.346477 0.006723 0.005034
0 0.905042 0.292785 0.008403 0.005034
0 0.941176 0.062919 0.016807 0.008389
0 0.915966 0.027685 0.006723 0.005034
0 0.966387 0.022651 0.013445 0.008389
0 0.925210 0.018456 0.015126 0.006711