0 0.978151 0.686242 0.040336 0.036913
0 0.477311 0.509228 0.006723 0.005034
0 0.509244 0.506711 0.053782 0.033557
0 0.376471 0.489933 0.006723 0.006711
0 0.390756 0.484899 0.005042 0.003356
0 0.470588 0.493289 0.020168 0.023490
0 0.522689 0.483221 0.006723 0.010067
0 0.483193 0.468121 0.008403 0.006711
0 0.507563 0.470638 0.023529 0.015101
0 0.250420 0.203859 0.010084 0.008389
0 0.330252 0.136745 0.008403 0.008389
0 0.833613 0.118289 0.006723 0.005034
0 0.584034 0.118289 0.008403 0.008389
0 0.809244 0.090604 0.005042 0.003356
0 0.581513 0.043624 0.006723 0.003356
0 0.933613 0.036913 0.025210 0.016779
0 0.672269 0.007550 0.010084 0.008389