0 0.475630 0.521812 0.475630 0.523490 0.477311 0.523490 0.478992 0.525168 0.480672 0.525168 0.480672 0.523490 0.478992 0.523490 0.477311 0.521812
0 0.482353 0.516779 0.482353 0.518456 0.485714 0.518456 0.487395 0.520134 0.489076 0.520134 0.490756 0.518456 0.489076 0.516779
0 0.509244 0.488255 0.509244 0.489933 0.512605 0.489933 0.512605 0.488255
0 0.497479 0.468121 0.495798 0.469799 0.495798 0.471477 0.497479 0.473154 0.500840 0.473154 0.500840 0.468121
0 0.509244 0.456376 0.509244 0.458054 0.512605 0.458054 0.512605 0.456376
0 0.504202 0.453020 0.504202 0.458054 0.505882 0.458054 0.505882 0.453020
0 0.707563 0.347315 0.707563 0.348993 0.705882 0.350671 0.705882 0.352349 0.710924 0.352349 0.710924 0.347315
0 0.815126 0.090604 0.815126 0.092282 0.818487 0.092282 0.820168 0.093960 0.818487 0.095638 0.816807 0.095638 0.816807 0.098993 0.820168 0.098993 0.820168 0.097315 0.821849 0.095638 0.823529 0.095638 0.823529 0.093960 0.820168 0.093960 0.818487 0.092282 0.818487 0.090604
0 0.927731 0.041946 0.927731 0.045302 0.929412 0.046980 0.929412 0.048658 0.931092 0.048658 0.934454 0.052013 0.934454 0.055369 0.936134 0.055369 0.937815 0.057047 0.941176 0.057047 0.941176 0.052013 0.936134 0.052013 0.934454 0.050336 0.936134 0.048658 0.936134 0.046980 0.934454 0.045302 0.934454 0.043624 0.931092 0.043624 0.929412 0.041946
0 0.942857 0.038591 0.942857 0.040268 0.944538 0.041946 0.952941 0.041946 0.954622 0.040268 0.956303 0.040268 0.956303 0.038591 0.951261 0.038591 0.949580 0.040268 0.947899 0.038591
0 0.922689 0.021812 0.922689 0.023490 0.924370 0.025168 0.924370 0.026846 0.926050 0.026846 0.927731 0.028523 0.931092 0.028523 0.932773 0.030201 0.932773 0.031879 0.934454 0.031879 0.934454 0.030201 0.936134 0.028523 0.937815 0.028523 0.939496 0.026846 0.939496 0.025168 0.934454 0.025168 0.932773 0.023490 0.932773 0.021812 0.929412 0.021812 0.927731 0.023490 0.926050 0.021812