0 0.068908 0.812081 0.068908 0.813758 0.072269 0.813758 0.072269 0.812081
0 0.063866 0.800336 0.063866 0.802013 0.065546 0.803691 0.065546 0.805369 0.067227 0.805369 0.067227 0.803691 0.068908 0.802013 0.070588 0.803691 0.072269 0.803691 0.072269 0.802013 0.070588 0.800336 0.070588 0.798658 0.067227 0.798658 0.065546 0.800336
0 0.092437 0.785235 0.090756 0.785235 0.090756 0.786913 0.089076 0.788591 0.087395 0.788591 0.087395 0.790268 0.092437 0.790268
0 0.062185 0.781879 0.062185 0.783557 0.068908 0.783557 0.068908 0.781879
0 0.042017 0.786913 0.042017 0.788591 0.043697 0.790268 0.043697 0.791946 0.045378 0.793624 0.053782 0.793624 0.055462 0.795302 0.055462 0.796980 0.057143 0.798658 0.057143 0.800336 0.058824 0.802013 0.058824 0.803691 0.060504 0.803691 0.060504 0.802013 0.058824 0.800336 0.060504 0.798658 0.060504 0.796980 0.058824 0.795302 0.058824 0.793624 0.057143 0.793624 0.055462 0.791946 0.055462 0.788591 0.057143 0.786913 0.058824 0.786913 0.058824 0.783557 0.057143 0.781879 0.055462 0.781879 0.053782 0.783557 0.050420 0.783557 0.047059 0.786913
0 0.936134 0.681208 0.936134 0.682886 0.937815 0.684564 0.937815 0.686242 0.941176 0.686242 0.942857 0.684564 0.942857 0.682886 0.939496 0.682886 0.937815 0.681208
0 0.968067 0.681208 0.968067 0.682886 0.971429 0.686242 0.978151 0.686242 0.979832 0.687919 0.981513 0.687919 0.983193 0.689597 0.983193 0.692953 0.984874 0.692953 0.986555 0.694631 0.988235 0.694631 0.989916 0.696309 0.993277 0.696309 0.993277 0.694631 0.991597 0.692953 0.993277 0.691275 0.993277 0.682886 0.989916 0.682886 0.989916 0.686242 0.991597 0.687919 0.988235 0.691275 0.986555 0.689597 0.986555 0.686242 0.984874 0.686242 0.983193 0.684564 0.983193 0.682886 0.978151 0.682886 0.976471 0.681208 0.974790 0.681208 0.973109 0.679530 0.971429 0.679530 0.969748 0.681208
0 0.931092 0.671141 0.931092 0.672819 0.932773 0.674497 0.934454 0.674497 0.934454 0.672819 0.932773 0.671141
0 0.981513 0.666107 0.979832 0.664430 0.978151 0.664430 0.978151 0.666107 0.976471 0.667785 0.971429 0.667785 0.969748 0.669463 0.963025 0.669463 0.963025 0.671141 0.964706 0.671141 0.966387 0.672819 0.968067 0.672819 0.969748 0.671141 0.974790 0.671141 0.976471 0.669463 0.979832 0.669463 0.981513 0.667785
0 0.884034 0.639262 0.884034 0.642617 0.885714 0.642617 0.887395 0.644295 0.892437 0.644295 0.892437 0.640940 0.890756 0.639262
0 0.887395 0.630872 0.892437 0.630872 0.894118 0.629195 0.894118 0.627517 0.889076 0.627517 0.887395 0.629195
0 0.885714 0.602349 0.884034 0.604027 0.884034 0.605705 0.882353 0.607383 0.880672 0.607383 0.880672 0.610738 0.884034 0.614094 0.885714 0.614094 0.887395 0.615772 0.890756 0.615772 0.892437 0.614094 0.892437 0.612416 0.890756 0.610738 0.887395 0.610738 0.885714 0.609060 0.885714 0.605705 0.887395 0.604027 0.887395 0.602349
0 0.890756 0.593960 0.890756 0.595638 0.892437 0.595638 0.894118 0.597315 0.895798 0.597315 0.895798 0.595638 0.894118 0.595638 0.892437 0.593960
0 0.640336 0.552013 0.638655 0.552013 0.636975 0.553691 0.631933 0.553691 0.631933 0.558725 0.633613 0.560403 0.636975 0.560403 0.638655 0.558725 0.643697 0.558725 0.643697 0.557047 0.640336 0.553691
0 0.490756 0.518456 0.494118 0.518456 0.494118 0.516779 0.495798 0.515101 0.499160 0.515101 0.499160 0.513423 0.495798 0.513423 0.494118 0.511745 0.492437 0.511745 0.492437 0.515101 0.490756 0.516779
0 0.515966 0.395973 0.512605 0.395973 0.512605 0.397651 0.510924 0.399329 0.510924 0.401007 0.512605 0.401007 0.514286 0.399329 0.515966 0.399329
0 0.522689 0.394295 0.522689 0.397651 0.531092 0.397651 0.532773 0.395973 0.534454 0.395973 0.534454 0.394295 0.532773 0.394295 0.531092 0.392617 0.529412 0.392617 0.527731 0.394295 0.526050 0.392617 0.524370 0.392617
0 0.546218 0.390940 0.544538 0.392617 0.544538 0.397651 0.546218 0.399329 0.546218 0.401007 0.547899 0.402685 0.549580 0.402685 0.551261 0.401007 0.552941 0.401007 0.552941 0.394295 0.551261 0.392617 0.549580 0.392617 0.547899 0.390940
0 0.295798 0.256711 0.294118 0.256711 0.292437 0.258389 0.290756 0.258389 0.290756 0.260067 0.295798 0.260067