0 0.545378 0.494128 0.011765 0.008389
0 0.504202 0.484899 0.067227 0.046980
0 0.554622 0.459732 0.003361 0.006711
0 0.560504 0.456376 0.005042 0.006711
0 0.529412 0.465604 0.053782 0.035235
0 0.513445 0.440436 0.005042 0.008389
0 0.490756 0.446309 0.033613 0.030201
0 0.418487 0.250839 0.006723 0.005034
0 0.445378 0.250000 0.026891 0.023490
0 0.400000 0.244128 0.016807 0.021812
0 0.438655 0.228188 0.020168 0.013423
0 0.412605 0.213087 0.018487 0.010067
0 0.419328 0.200503 0.011765 0.005034
0 0.397479 0.199664 0.075630 0.063758