0 0.701681 0.774329 0.025210 0.018456
0 0.979832 0.696309 0.006723 0.003356
0 0.992437 0.697148 0.011765 0.008389
0 0.953782 0.692953 0.008403 0.006711
0 0.740336 0.681208 0.015126 0.010067
0 0.969748 0.673658 0.010084 0.005034
0 0.993277 0.668624 0.013445 0.015101
0 0.663025 0.634228 0.005042 0.003356
0 0.508403 0.524329 0.021849 0.018456
0 0.482353 0.525168 0.023529 0.026846
0 0.381513 0.495805 0.010084 0.005034
0 0.515966 0.458893 0.003361 0.005034
0 0.503361 0.466443 0.015126 0.020134
0 0.710084 0.351510 0.005042 0.005034
0 0.573950 0.115772 0.005042 0.003356
0 0.816807 0.095638 0.013445 0.010067
0 0.939496 0.054530 0.006723 0.008389
0 0.930252 0.048658 0.005042 0.003356
0 0.924370 0.041107 0.006723 0.005034
0 0.949580 0.041107 0.016807 0.008389
0 0.927731 0.027685 0.013445 0.011745
0 0.668908 0.009228 0.006723 0.005034
0 0.675630 0.005034 0.006723 0.006711