0 0.689076 0.783557 0.010084 0.006711
0 0.948739 0.703020 0.008403 0.013423
0 0.940336 0.698826 0.008403 0.005034
0 0.941176 0.691275 0.006723 0.003356
0 0.748739 0.677852 0.005042 0.003356
0 0.736134 0.677013 0.003361 0.005034
0 0.661345 0.635906 0.005042 0.003356
0 0.455462 0.548658 0.010084 0.006711
0 0.454622 0.536913 0.005042 0.003356
0 0.468067 0.525168 0.005042 0.003356
0 0.374790 0.484060 0.003361 0.005034
0 0.831092 0.115772 0.005042 0.003356
0 0.821849 0.102349 0.013445 0.006711
0 0.839496 0.093960 0.015126 0.006711
0 0.814286 0.088926 0.005042 0.003356
0 0.941176 0.061242 0.013445 0.008389
0 0.955462 0.053691 0.005042 0.003356
0 0.928571 0.052852 0.008403 0.008389
0 0.920168 0.037752 0.008403 0.008389
0 0.947059 0.029362 0.005042 0.005034
0 0.967227 0.026007 0.018487 0.015101
0 0.949580 0.025168 0.020168 0.016779
0 0.923529 0.022651 0.018487 0.015101
0 0.664706 0.005872 0.005042 0.005034