0 0.515126 0.554530 0.058824 0.041946
0 0.527731 0.531040 0.006723 0.008389
0 0.472269 0.526007 0.006723 0.005034
0 0.537815 0.524329 0.003361 0.005034
0 0.463866 0.512584 0.013445 0.008389
0 0.491597 0.511745 0.015126 0.010067
0 0.505882 0.498322 0.003361 0.006711
0 0.475630 0.494966 0.020168 0.006711
0 0.460504 0.494966 0.023529 0.020134
0 0.470588 0.457215 0.020168 0.015101
0 0.540336 0.448826 0.011765 0.011745
0 0.484034 0.437081 0.033613 0.021812
0 0.431092 0.262584 0.015126 0.015101
0 0.449580 0.251678 0.015126 0.026846
0 0.447899 0.223993 0.015126 0.015101
0 0.368908 0.213926 0.011765 0.011745
0 0.347899 0.189597 0.006723 0.003356
0 0.396639 0.184564 0.010084 0.006711
0 0.379832 0.177013 0.057143 0.018456
0 0.423529 0.172819 0.026891 0.016779