0 0.062185 0.813758 0.023529 0.016779
0 0.078992 0.791107 0.033613 0.028523
0 0.942017 0.682886 0.008403 0.003356
0 0.986555 0.684564 0.020168 0.013423
0 0.939496 0.676174 0.006723 0.006711
0 0.957983 0.677013 0.023529 0.011745
0 0.979832 0.670302 0.016807 0.011745
0 0.978992 0.653523 0.005042 0.005034
0 0.903361 0.650168 0.005042 0.005034
0 0.892437 0.639262 0.006723 0.006711
0 0.923529 0.630872 0.008403 0.003356
0 0.912605 0.631711 0.006723 0.005034
0 0.915966 0.612416 0.006723 0.006711
0 0.888235 0.616611 0.018487 0.025168
0 0.954622 0.604027 0.006723 0.003356
0 0.889076 0.595638 0.016807 0.006711