0 0.494958 0.558725 0.011765 0.010067
0 0.516807 0.552852 0.005042 0.005034
0 0.545378 0.544463 0.015126 0.021812
0 0.485714 0.532718 0.006723 0.005034
0 0.460504 0.515101 0.020168 0.016779
0 0.489076 0.507550 0.003361 0.005034
0 0.477311 0.492450 0.003361 0.005034
0 0.449580 0.494966 0.018487 0.020134
0 0.466387 0.485738 0.008403 0.005034
0 0.471429 0.463926 0.015126 0.011745
0 0.478151 0.443792 0.008403 0.005034
0 0.498319 0.432886 0.008403 0.006711
0 0.426891 0.261745 0.016807 0.016779
0 0.402521 0.248322 0.005042 0.003356
0 0.462185 0.239933 0.030252 0.050336
0 0.417647 0.213087 0.005042 0.003356
0 0.371429 0.217282 0.026891 0.025168
0 0.418487 0.169463 0.010084 0.006711
0 0.431092 0.169463 0.015126 0.013423
0 0.363025 0.171980 0.084034 0.031879
0 0.355462 0.130872 0.015126 0.010067