0 0.509244 0.562081 0.507563 0.562081 0.505882 0.563758 0.502521 0.563758 0.502521 0.565436 0.504202 0.567114 0.504202 0.568792 0.502521 0.570470 0.497479 0.570470 0.497479 0.572148 0.502521 0.572148 0.504202 0.570470 0.505882 0.570470 0.505882 0.567114 0.507563 0.565436 0.509244 0.565436
0 0.490756 0.553691 0.490756 0.555369 0.489076 0.557047 0.489076 0.558725 0.492437 0.558725 0.494118 0.560403 0.494118 0.562081 0.495798 0.562081 0.497479 0.560403 0.499160 0.560403 0.499160 0.558725 0.497479 0.558725 0.495798 0.560403 0.494118 0.558725 0.494118 0.557047 0.492437 0.555369 0.492437 0.553691
0 0.487395 0.548658 0.487395 0.550336 0.492437 0.550336 0.492437 0.548658
0 0.534454 0.548658 0.534454 0.550336 0.536134 0.552013 0.537815 0.552013 0.539496 0.550336 0.541176 0.552013 0.541176 0.553691 0.542857 0.553691 0.542857 0.552013 0.541176 0.552013 0.539496 0.550336 0.539496 0.546980 0.537815 0.546980 0.536134 0.548658
0 0.537815 0.536913 0.537815 0.543624 0.541176 0.543624 0.542857 0.545302 0.547899 0.545302 0.547899 0.543624 0.546218 0.543624 0.544538 0.541946 0.544538 0.540268 0.541176 0.536913
0 0.452101 0.505034 0.452101 0.511745 0.453782 0.511745 0.455462 0.513423 0.455462 0.516779 0.453782 0.518456 0.453782 0.521812 0.458824 0.521812 0.460504 0.520134 0.460504 0.516779 0.462185 0.515101 0.463866 0.515101 0.465546 0.516779 0.465546 0.518456 0.468908 0.518456 0.468908 0.516779 0.465546 0.516779 0.463866 0.515101 0.465546 0.513423 0.465546 0.511745 0.467227 0.510067 0.467227 0.508389 0.465546 0.508389 0.465546 0.510067 0.463866 0.511745 0.458824 0.511745 0.455462 0.508389 0.455462 0.505034
0 0.475630 0.489933 0.473950 0.491611 0.473950 0.493289 0.475630 0.493289 0.477311 0.494966 0.478992 0.494966 0.480672 0.493289 0.478992 0.493289 0.477311 0.491611 0.477311 0.489933
0 0.460504 0.488255 0.458824 0.488255 0.457143 0.486577 0.452101 0.486577 0.450420 0.488255 0.448739 0.488255 0.447059 0.489933 0.447059 0.491611 0.448739 0.493289 0.447059 0.494966 0.447059 0.496644 0.445378 0.498322 0.445378 0.501678 0.448739 0.501678 0.450420 0.500000 0.452101 0.500000 0.452101 0.498322 0.455462 0.494966 0.455462 0.493289 0.457143 0.491611 0.458824 0.491611 0.460504 0.489933
0 0.460504 0.463087 0.460504 0.464765 0.462185 0.464765 0.463866 0.466443 0.463866 0.468121 0.467227 0.468121 0.468908 0.466443 0.472269 0.466443 0.472269 0.463087 0.475630 0.459732 0.475630 0.458054 0.465546 0.458054
0 0.512605 0.456376 0.514286 0.458054 0.514286 0.459732 0.515966 0.459732 0.515966 0.458054 0.514286 0.456376
0 0.534454 0.446309 0.534454 0.447987 0.537815 0.447987 0.537815 0.446309
0 0.472269 0.439597 0.472269 0.441275 0.473950 0.441275 0.475630 0.442953 0.475630 0.444631 0.478992 0.444631 0.478992 0.442953 0.480672 0.441275 0.480672 0.439597 0.478992 0.439597 0.477311 0.437919 0.475630 0.437919 0.473950 0.439597
0 0.478992 0.432886 0.478992 0.434564 0.482353 0.434564 0.482353 0.432886
0 0.425210 0.256711 0.423529 0.258389 0.423529 0.266779 0.425210 0.268456 0.430252 0.268456 0.430252 0.265101 0.428571 0.263423 0.426891 0.263423 0.425210 0.261745 0.426891 0.260067 0.426891 0.256711
0 0.452101 0.238255 0.450420 0.238255 0.450420 0.239933 0.452101 0.241611 0.452101 0.243289 0.448739 0.246644 0.447059 0.246644 0.445378 0.248322 0.443697 0.248322 0.443697 0.251678 0.447059 0.251678 0.448739 0.253356 0.447059 0.255034 0.445378 0.255034 0.445378 0.258389 0.448739 0.261745 0.452101 0.261745 0.453782 0.260067 0.453782 0.253356 0.452101 0.251678 0.452101 0.246644 0.457143 0.241611 0.457143 0.239933 0.453782 0.239933
0 0.450420 0.218121 0.450420 0.221477 0.452101 0.223154 0.450420 0.224832 0.450420 0.226510 0.448739 0.228188 0.447059 0.228188 0.447059 0.229866 0.448739 0.229866 0.450420 0.231544 0.452101 0.231544 0.453782 0.233221 0.455462 0.233221 0.457143 0.234899 0.463866 0.234899 0.467227 0.231544 0.467227 0.229866 0.468908 0.228188 0.467227 0.226510 0.467227 0.224832 0.468908 0.223154 0.468908 0.219799 0.463866 0.219799 0.462185 0.218121
0 0.368067 0.216443 0.368067 0.218121 0.369748 0.219799 0.369748 0.221477 0.371429 0.223154 0.373109 0.223154 0.374790 0.224832 0.374790 0.226510 0.376471 0.226510 0.376471 0.224832 0.374790 0.223154 0.374790 0.221477 0.373109 0.219799 0.373109 0.216443
0 0.413445 0.211409 0.413445 0.213087 0.415126 0.214765 0.415126 0.216443 0.418487 0.216443 0.418487 0.211409
0 0.405042 0.177852 0.403361 0.176174 0.400000 0.176174 0.398319 0.177852 0.396639 0.174497 0.388235 0.172819 0.386555 0.171141 0.388235 0.169463 0.384874 0.166107 0.381513 0.167785 0.369748 0.167785 0.364706 0.171141 0.364706 0.174497 0.363025 0.176174 0.354622 0.176174 0.352941 0.174497 0.352941 0.167785 0.347899 0.167785 0.346218 0.171141 0.341176 0.171141 0.339496 0.174497 0.339496 0.182886 0.341176 0.182886 0.342857 0.186242 0.346218 0.184564 0.347899 0.186242 0.352941 0.186242 0.352941 0.182886 0.356303 0.177852 0.371429 0.177852 0.374790 0.179530 0.376471 0.177852 0.386555 0.176174 0.388235 0.174497 0.391597 0.177852 0.398319 0.179530 0.400000 0.181208 0.405042 0.179530
0 0.415126 0.169463 0.415126 0.171141 0.420168 0.171141 0.420168 0.169463 0.423529 0.166107 0.425210 0.167785 0.428571 0.167785 0.430252 0.169463 0.428571 0.171141 0.426891 0.171141 0.426891 0.176174 0.428571 0.177852 0.428571 0.179530 0.430252 0.179530 0.430252 0.176174 0.431933 0.174497 0.436975 0.174497 0.436975 0.172819 0.438655 0.171141 0.438655 0.169463 0.435294 0.166107 0.433613 0.166107 0.431933 0.167785 0.428571 0.164430 0.428571 0.162752 0.425210 0.162752 0.423529 0.164430 0.421849 0.164430 0.420168 0.166107 0.418487 0.166107