0 0.691597 0.781040 0.008403 0.005034
0 0.947899 0.690436 0.013445 0.015101
0 0.741176 0.683725 0.016807 0.008389
0 0.996639 0.671980 0.006723 0.005034
0 0.664706 0.632550 0.008403 0.006711
0 0.476471 0.531040 0.038655 0.035235
0 0.478151 0.515101 0.005042 0.003356
0 0.382353 0.493289 0.015126 0.010067
0 0.540336 0.490772 0.011765 0.008389
0 0.473109 0.483221 0.005042 0.003356
0 0.530252 0.456376 0.005042 0.003356
0 0.489916 0.464765 0.021849 0.023490
0 0.514286 0.457215 0.016807 0.011745
0 0.516807 0.447987 0.008403 0.003356
0 0.705042 0.351510 0.008403 0.008389
0 0.713445 0.348154 0.005042 0.005034
0 0.335294 0.130034 0.005042 0.005034
0 0.831092 0.116611 0.005042 0.005034
0 0.581513 0.116611 0.020168 0.008389
0 0.823529 0.095638 0.020168 0.010067
0 0.817647 0.091443 0.008403 0.005034
0 0.805882 0.090604 0.005042 0.003356
0 0.957143 0.040268 0.008403 0.006711
0 0.934454 0.048658 0.033613 0.030201
0 0.931092 0.029362 0.006723 0.005034
0 0.658824 0.028523 0.006723 0.006711
0 0.950420 0.025168 0.028571 0.013423
0 0.942017 0.020134 0.005042 0.003356
0 0.926050 0.023490 0.016807 0.016779
0 0.632773 0.009228 0.011765 0.008389
0 0.667227 0.006711 0.006723 0.006711
0 0.677311 0.005034 0.010084 0.010067