0 0.491597 0.535235 0.008403 0.006711
0 0.506723 0.528523 0.008403 0.006711
0 0.498319 0.523490 0.005042 0.006711
0 0.515966 0.521812 0.006723 0.006711
0 0.542017 0.536074 0.035294 0.038591
0 0.526891 0.509228 0.005042 0.005034
0 0.452101 0.504195 0.006723 0.005034
0 0.444538 0.497483 0.005042 0.008389
0 0.454622 0.490772 0.011765 0.005034
0 0.470588 0.484060 0.006723 0.005034
0 0.449580 0.483221 0.008403 0.006711
0 0.505882 0.460570 0.010084 0.005034
0 0.475630 0.460570 0.006723 0.005034
0 0.440336 0.463926 0.013445 0.015101
0 0.463025 0.463087 0.011765 0.020134
0 0.448739 0.447987 0.030252 0.013423