0 0.978151 0.696309 0.978151 0.697987 0.981513 0.697987 0.981513 0.696309
0 0.956303 0.684564 0.956303 0.686242 0.954622 0.687919 0.954622 0.689597 0.956303 0.691275 0.957983 0.691275 0.961345 0.694631 0.966387 0.694631 0.966387 0.692953 0.968067 0.691275 0.968067 0.687919 0.959664 0.687919 0.957983 0.686242 0.957983 0.684564
0 0.994958 0.672819 0.989916 0.672819 0.989916 0.676174 0.991597 0.677852 0.991597 0.681208 0.993277 0.682886 0.991597 0.684564 0.989916 0.684564 0.989916 0.686242 0.988235 0.687919 0.988235 0.689597 0.989916 0.691275 0.989916 0.692953 0.988235 0.694631 0.986555 0.694631 0.986555 0.696309 0.988235 0.696309 0.989916 0.694631 0.994958 0.694631 0.996639 0.692953 0.998319 0.692953 0.998319 0.674497 0.996639 0.674497
0 0.988235 0.667785 0.984874 0.667785 0.983193 0.669463 0.981513 0.669463 0.979832 0.671141 0.978151 0.671141 0.978151 0.672819 0.976471 0.674497 0.973109 0.671141 0.971429 0.671141 0.969748 0.672819 0.969748 0.674497 0.966387 0.677852 0.964706 0.677852 0.964706 0.681208 0.968067 0.681208 0.968067 0.679530 0.971429 0.676174 0.979832 0.676174 0.979832 0.674497 0.981513 0.672819 0.984874 0.672819 0.988235 0.669463
0 0.531092 0.508389 0.526050 0.508389 0.524370 0.510067 0.524370 0.511745 0.522689 0.513423 0.526050 0.516779 0.526050 0.518456 0.524370 0.520134 0.519328 0.515101 0.514286 0.515101 0.514286 0.521812 0.515966 0.523490 0.515966 0.525168 0.517647 0.526846 0.522689 0.526846 0.524370 0.525168 0.526050 0.525168 0.526050 0.521812 0.527731 0.520134 0.529412 0.520134 0.529412 0.516779 0.531092 0.515101
0 0.477311 0.508389 0.475630 0.508389 0.473950 0.510067 0.473950 0.511745 0.475630 0.511745 0.477311 0.510067
0 0.502521 0.505034 0.502521 0.508389 0.505882 0.508389 0.505882 0.505034
0 0.487395 0.505034 0.487395 0.508389 0.485714 0.510067 0.485714 0.513423 0.490756 0.513423 0.492437 0.511745 0.494118 0.513423 0.494118 0.515101 0.492437 0.516779 0.490756 0.516779 0.490756 0.518456 0.492437 0.520134 0.492437 0.523490 0.494118 0.525168 0.495798 0.525168 0.497479 0.526846 0.495798 0.528523 0.494118 0.528523 0.494118 0.530201 0.495798 0.531879 0.497479 0.531879 0.497479 0.530201 0.500840 0.526846 0.502521 0.526846 0.502521 0.523490 0.500840 0.521812 0.500840 0.518456 0.499160 0.516779 0.499160 0.510067 0.497479 0.510067 0.495798 0.508389 0.492437 0.508389 0.489076 0.505034
0 0.514286 0.501678 0.514286 0.503356 0.517647 0.503356 0.517647 0.501678
0 0.472269 0.500000 0.472269 0.501678 0.473950 0.503356 0.473950 0.505034 0.477311 0.505034 0.477311 0.501678 0.475630 0.500000
0 0.524370 0.491611 0.524370 0.493289 0.526050 0.493289 0.527731 0.494966 0.527731 0.501678 0.529412 0.501678 0.531092 0.503356 0.531092 0.505034 0.534454 0.505034 0.536134 0.506711 0.537815 0.506711 0.539496 0.505034 0.539496 0.503356 0.537815 0.501678 0.539496 0.500000 0.539496 0.498322 0.537815 0.496644 0.537815 0.494966 0.534454 0.491611 0.531092 0.491611 0.529412 0.489933 0.527731 0.489933 0.526050 0.491611
0 0.371429 0.488255 0.371429 0.493289 0.379832 0.493289 0.379832 0.491611 0.378151 0.491611 0.376471 0.489933 0.374790 0.489933 0.373109 0.488255
0 0.472269 0.476510 0.468908 0.476510 0.468908 0.478188 0.467227 0.479866 0.465546 0.479866 0.465546 0.483221 0.467227 0.484899 0.465546 0.486577 0.465546 0.493289 0.467227 0.493289 0.468908 0.494966 0.470588 0.494966 0.470588 0.491611 0.472269 0.489933 0.472269 0.486577 0.470588 0.484899 0.470588 0.483221 0.472269 0.481544
0 0.482353 0.466443 0.482353 0.469799 0.485714 0.469799 0.485714 0.468121 0.484034 0.466443
0 0.509244 0.459732 0.507563 0.461409 0.507563 0.464765 0.509244 0.464765 0.510924 0.466443 0.509244 0.468121 0.507563 0.468121 0.505882 0.469799 0.505882 0.473154 0.507563 0.473154 0.509244 0.474832 0.512605 0.474832 0.512605 0.471477 0.514286 0.469799 0.514286 0.466443 0.515966 0.464765 0.517647 0.464765 0.517647 0.461409 0.515966 0.461409 0.514286 0.459732
0 0.828571 0.115772 0.828571 0.117450 0.830252 0.119128 0.831933 0.119128 0.833613 0.117450 0.835294 0.117450 0.835294 0.115772
0 0.581513 0.115772 0.581513 0.117450 0.583193 0.119128 0.588235 0.119128 0.589916 0.120805 0.591597 0.120805 0.591597 0.119128 0.589916 0.119128 0.588235 0.117450 0.584874 0.117450 0.583193 0.115772
0 0.806723 0.087248 0.806723 0.092282 0.808403 0.093960 0.813445 0.093960 0.815126 0.092282 0.815126 0.090604 0.813445 0.090604 0.811765 0.088926 0.810084 0.088926 0.808403 0.087248
0 0.932773 0.030201 0.932773 0.031879 0.936134 0.031879 0.936134 0.030201
0 0.915966 0.030201 0.915966 0.031879 0.917647 0.031879 0.919328 0.033557 0.919328 0.035235 0.924370 0.035235 0.926050 0.036913 0.924370 0.038591 0.924370 0.041946 0.926050 0.041946 0.927731 0.043624 0.931092 0.043624 0.932773 0.041946 0.934454 0.041946 0.936134 0.043624 0.937815 0.043624 0.939496 0.045302 0.941176 0.045302 0.941176 0.043624 0.944538 0.040268 0.944538 0.038591 0.942857 0.038591 0.941176 0.040268 0.939496 0.038591 0.937815 0.038591 0.936134 0.040268 0.934454 0.038591 0.932773 0.038591 0.931092 0.036913 0.926050 0.036913 0.924370 0.035235 0.924370 0.030201 0.922689 0.028523 0.921008 0.028523 0.919328 0.030201