0 0.513445 0.546141 0.065546 0.055369
0 0.503361 0.520134 0.015126 0.006711
0 0.454622 0.520973 0.008403 0.008389
0 0.491597 0.509228 0.018487 0.011745
0 0.514286 0.500839 0.003361 0.005034
0 0.521008 0.499161 0.006723 0.008389
0 0.494958 0.487416 0.005042 0.005034
0 0.467227 0.506711 0.036975 0.050336
0 0.516807 0.458893 0.008403 0.008389
0 0.546218 0.449664 0.043697 0.020134
0 0.480672 0.445470 0.033613 0.035235
0 0.090756 0.291107 0.003361 0.005034
0 0.402521 0.248322 0.008403 0.006711
0 0.390756 0.244966 0.005042 0.006711
0 0.441176 0.252517 0.031933 0.031879
0 0.381513 0.230705 0.010084 0.011745
0 0.434454 0.223993 0.005042 0.005034
0 0.447899 0.223993 0.011765 0.011745
0 0.374790 0.216443 0.003361 0.006711
0 0.416807 0.212248 0.006723 0.005034
0 0.368067 0.210570 0.006723 0.008389
0 0.375630 0.182047 0.062185 0.025168
0 0.423529 0.172819 0.030252 0.016779