0 0.532773 0.789430 0.010084 0.005034
0 0.684874 0.789430 0.021849 0.018456
0 0.940336 0.694631 0.015126 0.016779
0 0.738655 0.688758 0.018487 0.008389
0 0.742017 0.678691 0.021849 0.008389
0 0.661345 0.638423 0.008403 0.005034
0 0.452101 0.554530 0.013445 0.008389
0 0.448739 0.543624 0.006723 0.003356
0 0.384034 0.499161 0.008403 0.005034
0 0.372269 0.481544 0.005042 0.003356
0 0.496639 0.473154 0.008403 0.010067
0 0.494958 0.462248 0.008403 0.005034
0 0.506723 0.448826 0.021849 0.008389
0 0.714286 0.346477 0.033613 0.018456
0 0.905042 0.293624 0.005042 0.006711
0 0.829412 0.114933 0.008403 0.005034
0 0.585714 0.119128 0.018487 0.013423
0 0.821008 0.104027 0.015126 0.013423
0 0.841176 0.096477 0.015126 0.011745
0 0.814286 0.089765 0.005042 0.005034
0 0.802521 0.090604 0.011765 0.006711
0 0.955462 0.053691 0.005042 0.003356
0 0.934454 0.059564 0.026891 0.018456
0 0.919328 0.041107 0.006723 0.015101
0 0.658824 0.026007 0.006723 0.005034
0 0.961345 0.026007 0.033613 0.018456
0 0.921849 0.021812 0.021849 0.016779
0 0.631933 0.010906 0.010084 0.008389
0 0.658824 0.010067 0.033613 0.013423
0 0.679832 0.003356 0.008403 0.006711