0 0.502521 0.563758 0.502521 0.565436 0.507563 0.565436 0.507563 0.563758
0 0.536134 0.546980 0.536134 0.548658 0.537815 0.550336 0.539496 0.550336 0.541176 0.552013 0.542857 0.552013 0.542857 0.550336 0.544538 0.548658 0.542857 0.548658 0.541176 0.546980
0 0.487395 0.546980 0.487395 0.548658 0.490756 0.548658 0.490756 0.546980
0 0.460504 0.515101 0.460504 0.516779 0.462185 0.516779 0.463866 0.518456 0.465546 0.518456 0.465546 0.516779 0.463866 0.515101
0 0.455462 0.513423 0.452101 0.513423 0.450420 0.515101 0.448739 0.515101 0.448739 0.516779 0.450420 0.518456 0.450420 0.520134 0.452101 0.520134 0.453782 0.518456 0.455462 0.518456
0 0.485714 0.505034 0.485714 0.506711 0.490756 0.506711 0.490756 0.505034
0 0.480672 0.493289 0.478992 0.493289 0.477311 0.494966 0.477311 0.496644 0.478992 0.496644 0.480672 0.494966
0 0.448739 0.478188 0.445378 0.481544 0.442017 0.481544 0.442017 0.483221 0.438655 0.484899 0.438655 0.488255 0.436975 0.489933 0.433613 0.488255 0.431933 0.493289 0.433613 0.493289 0.436975 0.496644 0.436975 0.498322 0.440336 0.498322 0.443697 0.501678 0.447059 0.501678 0.448739 0.503356 0.448739 0.506711 0.452101 0.508389 0.448739 0.501678 0.450420 0.500000 0.448739 0.498322 0.450420 0.496644 0.450420 0.491611 0.447059 0.491611 0.445378 0.489933 0.448739 0.488255 0.448739 0.481544 0.452101 0.479866 0.457143 0.484899 0.457143 0.488255 0.460504 0.488255 0.465546 0.483221 0.467227 0.486577 0.470588 0.486577 0.470588 0.484899 0.460504 0.479866
0 0.475630 0.437919 0.475630 0.439597 0.477311 0.441275 0.477311 0.442953 0.478992 0.442953 0.478992 0.439597 0.477311 0.437919
0 0.482353 0.432886 0.482353 0.434564 0.485714 0.434564 0.485714 0.432886
0 0.494118 0.431208 0.494118 0.432886 0.495798 0.432886 0.497479 0.434564 0.500840 0.434564 0.500840 0.432886 0.497479 0.432886 0.495798 0.431208
0 0.415126 0.258389 0.415126 0.261745 0.416807 0.263423 0.415126 0.265101 0.413445 0.265101 0.413445 0.266779 0.416807 0.270134 0.416807 0.271812 0.421849 0.271812 0.423529 0.273490 0.428571 0.273490 0.431933 0.270134 0.435294 0.270134 0.436975 0.268456 0.438655 0.268456 0.438655 0.266779 0.440336 0.265101 0.440336 0.263423 0.438655 0.263423 0.436975 0.265101 0.435294 0.265101 0.435294 0.266779 0.433613 0.268456 0.428571 0.268456 0.426891 0.270134 0.421849 0.266779 0.421849 0.265101 0.423529 0.263423 0.423529 0.260067 0.421849 0.258389 0.423529 0.256711 0.421849 0.255034 0.420168 0.255034 0.416807 0.258389
0 0.448739 0.255034 0.448739 0.256711 0.450420 0.256711 0.452101 0.258389 0.452101 0.260067 0.450420 0.261745 0.447059 0.261745 0.447059 0.263423 0.450420 0.263423 0.450420 0.261745 0.452101 0.260067 0.453782 0.261745 0.453782 0.263423 0.458824 0.263423 0.458824 0.256711 0.457143 0.256711 0.453782 0.253356 0.452101 0.253356 0.450420 0.255034
0 0.447059 0.248322 0.447059 0.250000 0.452101 0.250000 0.452101 0.248322
0 0.440336 0.218121 0.440336 0.219799 0.442017 0.221477 0.443697 0.221477 0.443697 0.218121
0 0.467227 0.216443 0.465546 0.216443 0.465546 0.218121 0.463866 0.219799 0.463866 0.221477 0.467227 0.224832 0.467227 0.228188 0.463866 0.233221 0.458824 0.233221 0.457143 0.231544 0.453782 0.231544 0.452101 0.229866 0.452101 0.228188 0.448739 0.228188 0.448739 0.229866 0.452101 0.229866 0.453782 0.231544 0.452101 0.233221 0.448739 0.233221 0.448739 0.238255 0.450420 0.238255 0.453782 0.241611 0.453782 0.244966 0.455462 0.244966 0.460504 0.241611 0.460504 0.239933 0.458824 0.238255 0.460504 0.236577 0.465546 0.234899 0.468908 0.231544 0.475630 0.231544 0.475630 0.228188 0.472269 0.224832 0.472269 0.221477 0.470588 0.219799 0.468908 0.219799 0.467227 0.218121
0 0.420168 0.213087 0.418487 0.213087 0.416807 0.211409 0.415126 0.211409 0.415126 0.214765 0.413445 0.216443 0.411765 0.216443 0.411765 0.219799 0.418487 0.219799 0.420168 0.218121
0 0.363025 0.213087 0.363025 0.219799 0.361345 0.221477 0.357983 0.221477 0.357983 0.223154 0.361345 0.223154 0.363025 0.221477 0.366387 0.224832 0.368067 0.224832 0.369748 0.226510 0.369748 0.228188 0.368067 0.229866 0.364706 0.229866 0.364706 0.231544 0.368067 0.231544 0.368067 0.229866 0.369748 0.228188 0.373109 0.228188 0.374790 0.229866 0.376471 0.229866 0.378151 0.228188 0.378151 0.226510 0.376471 0.224832 0.374790 0.224832 0.373109 0.226510 0.371429 0.224832 0.371429 0.221477 0.373109 0.219799 0.373109 0.213087 0.371429 0.211409 0.366387 0.211409 0.364706 0.213087
0 0.361345 0.199664 0.357983 0.199664 0.357983 0.201342 0.354622 0.204698 0.352941 0.204698 0.352941 0.208054 0.356303 0.211409 0.359664 0.211409 0.359664 0.208054 0.357983 0.206376 0.359664 0.204698 0.357983 0.203020 0.359664 0.201342 0.361345 0.201342
0 0.346218 0.182886 0.342857 0.182886 0.342857 0.184564 0.344538 0.186242 0.342857 0.187919 0.341176 0.187919 0.341176 0.189597 0.342857 0.189597 0.342857 0.187919 0.344538 0.186242 0.346218 0.186242
0 0.415126 0.166107 0.415126 0.169463 0.418487 0.169463 0.421849 0.166107 0.423529 0.166107 0.425210 0.164430 0.426891 0.164430 0.428571 0.166107 0.428571 0.167785 0.430252 0.169463 0.433613 0.169463 0.435294 0.171141 0.435294 0.172819 0.436975 0.172819 0.436975 0.169463 0.438655 0.167785 0.438655 0.164430 0.436975 0.162752 0.433613 0.162752 0.431933 0.164430 0.428571 0.164430 0.426891 0.162752 0.426891 0.161074 0.425210 0.161074 0.423529 0.162752 0.421849 0.162752 0.421849 0.164430 0.420168 0.166107
0 0.379832 0.159396 0.379832 0.161074 0.378151 0.162752 0.378151 0.166107 0.379832 0.167785 0.379832 0.169463 0.378151 0.171141 0.376471 0.171141 0.376471 0.172819 0.379832 0.172819 0.383193 0.167785 0.388235 0.169463 0.389916 0.171141 0.388235 0.172819 0.386555 0.172819 0.386555 0.174497 0.389916 0.174497 0.394958 0.179530 0.391597 0.182886 0.389916 0.182886 0.389916 0.184564 0.393277 0.184564 0.394958 0.182886 0.396639 0.184564 0.396639 0.186242 0.398319 0.186242 0.398319 0.181208 0.396639 0.179530 0.398319 0.177852 0.401681 0.177852 0.403361 0.176174 0.403361 0.174497 0.400000 0.171141 0.400000 0.169463 0.398319 0.167785 0.393277 0.166107 0.389916 0.162752 0.389916 0.159396 0.388235 0.159396 0.386555 0.161074 0.384874 0.159396
0 0.329412 0.129195 0.334454 0.134228 0.339496 0.132550 0.344538 0.135906 0.342857 0.142617 0.347899 0.140940 0.349580 0.137584 0.351261 0.140940 0.356303 0.139262 0.361345 0.140940 0.359664 0.144295 0.361345 0.147651 0.356303 0.149329 0.354622 0.152685 0.344538 0.149329 0.339496 0.151007 0.337815 0.149329 0.339496 0.144295 0.334454 0.144295 0.332773 0.157718 0.329412 0.159396 0.329412 0.162752 0.336134 0.169463 0.337815 0.169463 0.334454 0.166107 0.341176 0.162752 0.349580 0.164430 0.351261 0.162752 0.354622 0.166107 0.352941 0.171141 0.363025 0.174497 0.371429 0.172819 0.373109 0.171141 0.371429 0.162752 0.361345 0.152685 0.364706 0.147651 0.364706 0.135906 0.347899 0.125839 0.341176 0.127517 0.334454 0.125839