0 0.973109 0.697987 0.971429 0.697987 0.969748 0.699664 0.968067 0.699664 0.968067 0.701342 0.969748 0.703020 0.973109 0.703020
0 0.976471 0.696309 0.976471 0.697987 0.979832 0.697987 0.979832 0.696309
0 0.986555 0.696309 0.988235 0.696309 0.989916 0.697987 0.991597 0.697987 0.993277 0.696309 0.998319 0.696309 0.998319 0.694631 0.996639 0.692953 0.994958 0.692953 0.993277 0.691275 0.988235 0.691275 0.988235 0.694631
0 0.734454 0.676174 0.734454 0.677852 0.736134 0.679530 0.734454 0.681208 0.736134 0.682886 0.737815 0.682886 0.739496 0.681208 0.742857 0.681208 0.744538 0.679530 0.744538 0.677852 0.742857 0.677852 0.741176 0.676174
0 0.971429 0.672819 0.966387 0.672819 0.966387 0.674497 0.968067 0.676174 0.966387 0.677852 0.964706 0.677852 0.963025 0.679530 0.963025 0.681208 0.961345 0.682886 0.954622 0.682886 0.952941 0.681208 0.951261 0.681208 0.949580 0.682886 0.944538 0.682886 0.944538 0.687919 0.946218 0.687919 0.947899 0.689597 0.947899 0.691275 0.949580 0.691275 0.951261 0.692953 0.952941 0.692953 0.954622 0.694631 0.957983 0.694631 0.957983 0.686242 0.959664 0.684564 0.963025 0.684564 0.963025 0.682886 0.964706 0.681208 0.966387 0.681208 0.966387 0.677852 0.968067 0.676174 0.971429 0.676174
0 0.986555 0.664430 0.986555 0.666107 0.988235 0.667785 0.988235 0.669463 0.989916 0.669463 0.991597 0.671141 0.991597 0.674497 0.996639 0.679530 0.998319 0.679530 0.998319 0.677852 0.996639 0.676174 0.996639 0.671141 0.998319 0.669463 0.998319 0.662752 0.991597 0.662752 0.989916 0.664430
0 0.660504 0.632550 0.660504 0.635906 0.663866 0.635906 0.663866 0.632550
0 0.492437 0.515101 0.489076 0.515101 0.487395 0.516779 0.485714 0.515101 0.485714 0.513423 0.480672 0.513423 0.480672 0.515101 0.485714 0.515101 0.487395 0.516779 0.487395 0.521812 0.485714 0.523490 0.484034 0.523490 0.478992 0.526846 0.475630 0.526846 0.473950 0.528523 0.473950 0.530201 0.477311 0.530201 0.478992 0.531879 0.477311 0.533557 0.477311 0.535235 0.478992 0.535235 0.478992 0.533557 0.482353 0.530201 0.484034 0.531879 0.490756 0.531879 0.490756 0.530201 0.487395 0.526846 0.487395 0.525168 0.489076 0.523490 0.492437 0.523490 0.492437 0.520134 0.494118 0.518456 0.494118 0.516779
0 0.499160 0.510067 0.499160 0.511745 0.497479 0.513423 0.502521 0.513423 0.504202 0.511745 0.507563 0.516779 0.504202 0.520134 0.500840 0.520134 0.500840 0.521812 0.504202 0.525168 0.505882 0.525168 0.507563 0.526846 0.505882 0.528523 0.505882 0.530201 0.510924 0.530201 0.512605 0.531879 0.517647 0.530201 0.517647 0.526846 0.515966 0.526846 0.514286 0.525168 0.512605 0.525168 0.510924 0.526846 0.509244 0.525168 0.509244 0.523490 0.512605 0.520134 0.519328 0.520134 0.519328 0.518456 0.517647 0.518456 0.515966 0.516779 0.510924 0.518456 0.507563 0.515101 0.507563 0.511745 0.505882 0.511745 0.504202 0.510067
0 0.494118 0.506711 0.490756 0.506711 0.490756 0.510067 0.492437 0.510067 0.494118 0.508389
0 0.485714 0.505034 0.484034 0.505034 0.484034 0.506711 0.482353 0.508389 0.480672 0.508389 0.480672 0.510067 0.482353 0.510067 0.482353 0.508389 0.484034 0.506711 0.485714 0.506711
0 0.472269 0.503356 0.472269 0.505034 0.475630 0.505034 0.475630 0.503356
0 0.509244 0.501678 0.509244 0.503356 0.512605 0.506711 0.512605 0.508389 0.514286 0.508389 0.514286 0.506711 0.515966 0.505034 0.515966 0.501678 0.514286 0.501678 0.512605 0.503356 0.510924 0.501678
0 0.552941 0.498322 0.552941 0.501678 0.554622 0.501678 0.556303 0.500000 0.557983 0.500000 0.557983 0.498322
0 0.475630 0.496644 0.475630 0.498322 0.478992 0.498322 0.478992 0.496644
0 0.378151 0.489933 0.376471 0.489933 0.376471 0.491611 0.374790 0.493289 0.373109 0.491611 0.371429 0.491611 0.371429 0.493289 0.373109 0.493289 0.374790 0.494966 0.376471 0.494966 0.378151 0.493289
0 0.544538 0.489933 0.542857 0.489933 0.541176 0.488255 0.537815 0.488255 0.536134 0.489933 0.531092 0.489933 0.529412 0.491611 0.529412 0.493289 0.532773 0.493289 0.534454 0.494966 0.536134 0.494966 0.536134 0.493289 0.537815 0.491611 0.544538 0.491611
0 0.381513 0.486577 0.381513 0.488255 0.384874 0.488255 0.384874 0.486577
0 0.522689 0.481544 0.522689 0.483221 0.526050 0.483221 0.526050 0.481544
0 0.383193 0.476510 0.383193 0.481544 0.386555 0.481544 0.386555 0.476510
0 0.477311 0.463087 0.477311 0.464765 0.480672 0.464765 0.480672 0.463087
0 0.519328 0.456376 0.514286 0.456376 0.512605 0.458054 0.510924 0.458054 0.509244 0.459732 0.507563 0.458054 0.507563 0.456376 0.502521 0.456376 0.502521 0.458054 0.500840 0.459732 0.500840 0.461409 0.502521 0.463087 0.502521 0.466443 0.500840 0.468121 0.499160 0.468121 0.499160 0.469799 0.500840 0.471477 0.500840 0.473154 0.502521 0.473154 0.504202 0.474832 0.505882 0.474832 0.505882 0.473154 0.509244 0.469799 0.509244 0.463087 0.507563 0.461409 0.509244 0.459732 0.512605 0.459732 0.514286 0.461409 0.515966 0.461409 0.519328 0.458054
0 0.709244 0.347315 0.709244 0.350671 0.710924 0.352349 0.714286 0.352349 0.714286 0.348993 0.712605 0.347315
0 0.828571 0.117450 0.828571 0.119128 0.835294 0.119128 0.835294 0.117450
0 0.813445 0.088926 0.811765 0.090604 0.811765 0.093960 0.810084 0.095638 0.810084 0.097315 0.811765 0.097315 0.813445 0.098993 0.818487 0.098993 0.820168 0.097315 0.820168 0.092282 0.818487 0.092282 0.816807 0.090604 0.816807 0.088926
0 0.921008 0.038591 0.921008 0.040268 0.922689 0.041946 0.924370 0.041946 0.929412 0.046980 0.929412 0.048658 0.931092 0.048658 0.934454 0.052013 0.944538 0.052013 0.944538 0.050336 0.946218 0.048658 0.949580 0.048658 0.952941 0.043624 0.952941 0.040268 0.949580 0.040268 0.947899 0.038591 0.944538 0.038591 0.942857 0.040268 0.939496 0.040268 0.939496 0.041946 0.937815 0.043624 0.936134 0.041946 0.936134 0.038591 0.929412 0.038591 0.929412 0.040268 0.927731 0.041946 0.924370 0.036913 0.922689 0.036913
0 0.924370 0.026846 0.924370 0.030201 0.927731 0.030201 0.929412 0.031879 0.931092 0.031879 0.932773 0.030201 0.932773 0.026846
0 0.670588 0.005034 0.667227 0.005034 0.665546 0.006711 0.665546 0.008389 0.668908 0.008389 0.670588 0.006711