0 0.063866 0.802013 0.063866 0.805369 0.068908 0.805369 0.070588 0.803691 0.070588 0.802013 0.068908 0.802013 0.068908 0.803691 0.067227 0.805369 0.065546 0.803691 0.065546 0.802013
0 0.047059 0.791946 0.047059 0.793624 0.057143 0.793624 0.057143 0.791946 0.053782 0.791946 0.052101 0.790268 0.050420 0.790268 0.048739 0.791946
0 0.065546 0.781879 0.065546 0.785235 0.067227 0.785235 0.067227 0.781879
0 0.050420 0.781879 0.050420 0.785235 0.053782 0.785235 0.053782 0.783557 0.055462 0.781879 0.057143 0.783557 0.058824 0.783557 0.058824 0.781879
0 0.070588 0.775168 0.070588 0.776846 0.072269 0.778523 0.077311 0.778523 0.077311 0.776846 0.073950 0.773490 0.072269 0.773490
0 0.968067 0.684564 0.966387 0.686242 0.966387 0.687919 0.968067 0.687919 0.971429 0.691275 0.973109 0.691275 0.973109 0.689597 0.974790 0.687919 0.974790 0.686242 0.971429 0.686242 0.969748 0.684564
0 0.934454 0.677852 0.932773 0.677852 0.931092 0.679530 0.931092 0.681208 0.934454 0.681208
0 0.979832 0.664430 0.974790 0.664430 0.973109 0.666107 0.969748 0.666107 0.968067 0.667785 0.966387 0.667785 0.966387 0.671141 0.974790 0.671141 0.976471 0.669463 0.978151 0.669463 0.978151 0.666107
0 0.884034 0.640940 0.884034 0.642617 0.887395 0.642617 0.887395 0.640940
0 0.875630 0.609060 0.875630 0.612416 0.877311 0.612416 0.878992 0.614094 0.885714 0.614094 0.887395 0.615772 0.887395 0.617450 0.889076 0.617450 0.889076 0.614094 0.887395 0.614094 0.884034 0.610738 0.878992 0.610738 0.877311 0.609060
0 0.907563 0.604027 0.907563 0.605705 0.912605 0.605705 0.912605 0.604027
0 0.633613 0.552013 0.630252 0.552013 0.628571 0.553691 0.628571 0.555369 0.630252 0.557047 0.631933 0.557047 0.631933 0.555369 0.633613 0.553691
0 0.490756 0.511745 0.490756 0.513423 0.492437 0.513423 0.492437 0.511745 0.494118 0.510067 0.497479 0.510067 0.499160 0.511745 0.499160 0.515101 0.500840 0.515101 0.500840 0.510067 0.499160 0.510067 0.497479 0.508389 0.495798 0.508389 0.494118 0.510067 0.492437 0.510067
0 0.512605 0.394295 0.512605 0.395973 0.510924 0.397651 0.510924 0.399329 0.515966 0.399329 0.517647 0.397651 0.517647 0.395973 0.515966 0.394295
0 0.522689 0.392617 0.522689 0.401007 0.526050 0.401007 0.529412 0.397651 0.532773 0.397651 0.532773 0.392617 0.529412 0.392617 0.527731 0.390940 0.524370 0.390940
0 0.546218 0.389262 0.544538 0.390940 0.544538 0.399329 0.542857 0.401007 0.542857 0.402685 0.544538 0.402685 0.546218 0.404362 0.546218 0.406040 0.549580 0.406040 0.549580 0.404362 0.551261 0.402685 0.554622 0.402685 0.556303 0.401007 0.556303 0.392617 0.551261 0.392617 0.551261 0.395973 0.549580 0.397651 0.547899 0.397651 0.546218 0.395973 0.546218 0.394295 0.547899 0.392617 0.547899 0.389262