0 0.554622 0.530201 0.554622 0.531879 0.556303 0.531879 0.557983 0.533557 0.557983 0.536913 0.561345 0.536913 0.561345 0.535235 0.559664 0.533557 0.561345 0.531879 0.563025 0.531879 0.563025 0.530201
0 0.552941 0.518456 0.551261 0.518456 0.551261 0.520134 0.549580 0.521812 0.547899 0.520134 0.546218 0.520134 0.546218 0.528523 0.547899 0.528523 0.549580 0.526846 0.551261 0.526846 0.551261 0.521812 0.552941 0.520134
0 0.475630 0.516779 0.473950 0.518456 0.473950 0.520134 0.475630 0.520134 0.477311 0.521812 0.478992 0.521812 0.478992 0.520134 0.477311 0.518456 0.477311 0.516779
0 0.507563 0.513423 0.505882 0.513423 0.504202 0.511745 0.500840 0.511745 0.499160 0.513423 0.499160 0.515101 0.495798 0.518456 0.495798 0.521812 0.494118 0.523490 0.492437 0.523490 0.490756 0.521812 0.489076 0.521812 0.489076 0.523490 0.490756 0.525168 0.489076 0.526846 0.487395 0.526846 0.487395 0.528523 0.497479 0.528523 0.497479 0.525168 0.499160 0.523490 0.500840 0.523490 0.500840 0.521812 0.502521 0.520134 0.504202 0.520134 0.504202 0.518456 0.507563 0.515101
0 0.467227 0.510067 0.465546 0.510067 0.463866 0.511745 0.463866 0.513423 0.467227 0.513423
0 0.458824 0.505034 0.458824 0.508389 0.462185 0.508389 0.462185 0.506711 0.460504 0.505034
0 0.556303 0.503356 0.556303 0.506711 0.557983 0.506711 0.557983 0.503356
0 0.468908 0.489933 0.467227 0.489933 0.465546 0.491611 0.463866 0.491611 0.462185 0.489933 0.460504 0.489933 0.458824 0.491611 0.455462 0.491611 0.452101 0.494966 0.448739 0.494966 0.448739 0.496644 0.450420 0.496644 0.452101 0.498322 0.452101 0.500000 0.453782 0.500000 0.455462 0.501678 0.457143 0.501678 0.457143 0.500000 0.462185 0.494966 0.463866 0.494966 0.465546 0.493289 0.468908 0.493289
0 0.499160 0.466443 0.499160 0.468121 0.502521 0.468121 0.502521 0.466443
0 0.463866 0.468121 0.462185 0.468121 0.458824 0.464765 0.457143 0.464765 0.452101 0.469799 0.450420 0.469799 0.450420 0.471477 0.452101 0.473154 0.450420 0.474832 0.448739 0.474832 0.448739 0.481544 0.450420 0.481544 0.450420 0.478188 0.452101 0.476510 0.453782 0.476510 0.455462 0.478188 0.455462 0.483221 0.460504 0.483221 0.465546 0.478188 0.467227 0.478188 0.467227 0.476510 0.465546 0.476510 0.463866 0.474832 0.462185 0.474832 0.460504 0.473154 0.463866 0.469799
0 0.563025 0.463087 0.563025 0.464765 0.564706 0.464765 0.566387 0.466443 0.568067 0.466443 0.569748 0.468121 0.569748 0.471477 0.571429 0.471477 0.573109 0.473154 0.578151 0.473154 0.578151 0.471477 0.576471 0.469799 0.576471 0.468121 0.574790 0.466443 0.574790 0.464765 0.569748 0.464765 0.568067 0.463087