0 0.531092 0.785235 0.531092 0.786913 0.532773 0.788591 0.532773 0.790268 0.537815 0.790268 0.537815 0.788591 0.536134 0.786913 0.536134 0.785235
0 0.695798 0.781879 0.694118 0.780201 0.690756 0.780201 0.689076 0.781879 0.682353 0.781879 0.682353 0.783557 0.684034 0.785235 0.685714 0.785235 0.687395 0.786913 0.689076 0.786913 0.692437 0.783557 0.695798 0.783557
0 0.932773 0.697987 0.932773 0.699664 0.934454 0.699664 0.936134 0.701342 0.941176 0.701342 0.941176 0.696309 0.939496 0.694631 0.936134 0.694631 0.936134 0.696309 0.934454 0.697987
0 0.939496 0.687919 0.939496 0.689597 0.941176 0.691275 0.942857 0.691275 0.942857 0.689597 0.941176 0.687919
0 0.737815 0.686242 0.737815 0.687919 0.741176 0.687919 0.741176 0.686242
0 0.734454 0.674497 0.734454 0.679530 0.736134 0.679530 0.737815 0.677852 0.742857 0.677852 0.744538 0.676174 0.746218 0.677852 0.746218 0.679530 0.749580 0.679530 0.751261 0.677852 0.751261 0.676174 0.747899 0.676174 0.746218 0.677852 0.744538 0.676174 0.744538 0.674497 0.742857 0.674497 0.741176 0.672819 0.739496 0.672819 0.737815 0.674497
0 0.657143 0.634228 0.657143 0.635906 0.658824 0.637584 0.663866 0.637584 0.663866 0.634228 0.662185 0.632550 0.660504 0.632550 0.658824 0.634228
0 0.460504 0.550336 0.460504 0.553691 0.463866 0.553691 0.465546 0.552013 0.465546 0.550336
0 0.452101 0.541946 0.448739 0.545302 0.448739 0.550336 0.452101 0.550336 0.453782 0.552013 0.455462 0.552013 0.455462 0.550336 0.453782 0.548658 0.453782 0.546980 0.455462 0.545302 0.455462 0.541946
0 0.470588 0.520134 0.468908 0.520134 0.468908 0.521812 0.467227 0.523490 0.463866 0.523490 0.463866 0.525168 0.465546 0.525168 0.467227 0.526846 0.467227 0.528523 0.470588 0.528523 0.470588 0.526846 0.468908 0.525168 0.468908 0.523490 0.470588 0.521812
0 0.487395 0.518456 0.487395 0.521812 0.489076 0.521812 0.489076 0.518456
0 0.484034 0.518456 0.482353 0.518456 0.480672 0.520134 0.480672 0.521812 0.484034 0.521812
0 0.539496 0.488255 0.539496 0.489933 0.542857 0.489933 0.542857 0.488255
0 0.369748 0.486577 0.369748 0.488255 0.373109 0.488255 0.373109 0.486577
0 0.514286 0.447987 0.512605 0.447987 0.510924 0.449664 0.510924 0.451342 0.514286 0.451342
0 0.727731 0.342282 0.726050 0.342282 0.724370 0.340604 0.722689 0.340604 0.721008 0.338926 0.719328 0.338926 0.717647 0.340604 0.715966 0.338926 0.714286 0.338926 0.712605 0.340604 0.710924 0.340604 0.707563 0.343960 0.704202 0.343960 0.704202 0.345638 0.700840 0.348993 0.697479 0.348993 0.697479 0.350671 0.705882 0.350671 0.709244 0.347315 0.715966 0.347315 0.719328 0.350671 0.722689 0.350671 0.724370 0.352349 0.727731 0.352349 0.727731 0.350671 0.726050 0.348993 0.727731 0.347315
0 0.900840 0.290268 0.900840 0.291946 0.902521 0.293624 0.902521 0.295302 0.905882 0.295302 0.907563 0.293624 0.907563 0.290268
0 0.574790 0.114094 0.574790 0.119128 0.576471 0.120805 0.581513 0.120805 0.581513 0.119128 0.579832 0.117450 0.579832 0.115772 0.578151 0.115772 0.576471 0.114094
0 0.825210 0.100671 0.825210 0.102349 0.828571 0.102349 0.828571 0.100671
0 0.813445 0.100671 0.813445 0.104027 0.815126 0.104027 0.816807 0.105705 0.818487 0.105705 0.820168 0.104027 0.821849 0.104027 0.821849 0.102349 0.820168 0.100671 0.820168 0.098993 0.816807 0.098993 0.815126 0.100671
0 0.833613 0.088926 0.833613 0.092282 0.835294 0.093960 0.835294 0.095638 0.836975 0.095638 0.838655 0.093960 0.840336 0.095638 0.845378 0.095638 0.845378 0.090604 0.843697 0.090604 0.842017 0.092282 0.840336 0.090604 0.836975 0.090604 0.835294 0.088926
0 0.803361 0.088926 0.803361 0.090604 0.806723 0.090604 0.806723 0.088926
0 0.931092 0.057047 0.931092 0.062081 0.932773 0.062081 0.936134 0.065436 0.947899 0.065436 0.947899 0.063758 0.946218 0.063758 0.942857 0.060403 0.939496 0.060403 0.936134 0.057047
0 0.954622 0.053691 0.954622 0.055369 0.957983 0.055369 0.957983 0.053691
0 0.921008 0.050336 0.921008 0.052013 0.922689 0.053691 0.929412 0.053691 0.929412 0.052013 0.927731 0.050336 0.927731 0.048658 0.922689 0.048658
0 0.657143 0.025168 0.657143 0.026846 0.662185 0.026846 0.662185 0.025168
0 0.976471 0.023490 0.974790 0.023490 0.973109 0.021812 0.971429 0.021812 0.969748 0.020134 0.969748 0.018456 0.966387 0.018456 0.964706 0.020134 0.963025 0.020134 0.961345 0.021812 0.959664 0.021812 0.959664 0.023490 0.961345 0.025168 0.961345 0.028523 0.959664 0.030201 0.952941 0.030201 0.952941 0.031879 0.959664 0.031879 0.961345 0.030201 0.964706 0.033557 0.968067 0.033557 0.968067 0.030201 0.966387 0.028523 0.968067 0.026846 0.969748 0.026846 0.971429 0.025168 0.973109 0.025168 0.974790 0.026846 0.976471 0.026846
0 0.931092 0.015101 0.922689 0.015101 0.922689 0.016779 0.921008 0.018456 0.917647 0.018456 0.917647 0.020134 0.919328 0.021812 0.917647 0.023490 0.912605 0.023490 0.912605 0.028523 0.917647 0.031879 0.915966 0.033557 0.915966 0.040268 0.917647 0.041946 0.915966 0.043624 0.915966 0.045302 0.921008 0.045302 0.921008 0.043624 0.922689 0.041946 0.922689 0.036913 0.919328 0.033557 0.919328 0.031879 0.917647 0.031879 0.915966 0.030201 0.921008 0.025168 0.921008 0.021812 0.922689 0.020134 0.926050 0.020134 0.927731 0.018456 0.929412 0.018456 0.931092 0.016779
0 0.936134 0.013423 0.936134 0.015101 0.941176 0.015101 0.941176 0.013423
0 0.665546 0.001678 0.663866 0.001678 0.662185 0.003356 0.660504 0.003356 0.658824 0.005034 0.658824 0.010067 0.660504 0.011745 0.665546 0.011745 0.667227 0.010067 0.667227 0.008389 0.665546 0.006711