0 0.687395 0.778523 0.687395 0.781879 0.690756 0.781879 0.692437 0.780201 0.692437 0.778523
0 0.946218 0.689597 0.946218 0.694631 0.947899 0.694631 0.949580 0.696309 0.952941 0.696309 0.952941 0.691275 0.951261 0.689597
0 0.737815 0.681208 0.737815 0.682886 0.739496 0.684564 0.739496 0.686242 0.744538 0.686242 0.746218 0.684564 0.746218 0.681208
0 0.662185 0.630872 0.662185 0.632550 0.663866 0.634228 0.665546 0.634228 0.665546 0.630872
0 0.484034 0.533557 0.482353 0.533557 0.480672 0.535235 0.478992 0.533557 0.478992 0.531879 0.477311 0.530201 0.477311 0.528523 0.468908 0.528523 0.468908 0.530201 0.470588 0.530201 0.472269 0.531879 0.470588 0.533557 0.462185 0.533557 0.462185 0.535235 0.460504 0.536913 0.457143 0.536913 0.458824 0.538591 0.458824 0.541946 0.460504 0.541946 0.462185 0.543624 0.475630 0.543624 0.477311 0.541946 0.478992 0.541946 0.478992 0.538591 0.480672 0.536913 0.482353 0.536913 0.484034 0.535235
0 0.512605 0.523490 0.509244 0.523490 0.509244 0.525168 0.505882 0.528523 0.504202 0.526846 0.502521 0.526846 0.500840 0.528523 0.500840 0.530201 0.502521 0.531879 0.502521 0.533557 0.507563 0.533557 0.507563 0.530201 0.509244 0.528523 0.510924 0.528523 0.510924 0.526846 0.512605 0.525168
0 0.468908 0.521812 0.470588 0.523490 0.470588 0.525168 0.473950 0.525168 0.473950 0.523490 0.475630 0.521812 0.477311 0.523490 0.477311 0.525168 0.478992 0.525168 0.480672 0.526846 0.484034 0.526846 0.484034 0.525168 0.487395 0.521812 0.489076 0.521812 0.489076 0.520134 0.490756 0.518456 0.490756 0.516779 0.492437 0.515101 0.494118 0.515101 0.494118 0.513423 0.492437 0.513423 0.492437 0.515101 0.490756 0.516779 0.487395 0.513423 0.485714 0.513423 0.484034 0.515101 0.482353 0.515101 0.480672 0.513423 0.477311 0.513423 0.477311 0.515101 0.478992 0.515101 0.480672 0.516779 0.480672 0.518456 0.478992 0.520134 0.475630 0.520134 0.473950 0.521812 0.472269 0.520134 0.468908 0.520134
0 0.376471 0.498322 0.379832 0.498322 0.379832 0.496644 0.381513 0.494966 0.383193 0.494966 0.384874 0.496644 0.386555 0.496644 0.388235 0.494966 0.388235 0.491611 0.384874 0.488255 0.378151 0.488255 0.378151 0.491611 0.376471 0.493289
0 0.383193 0.474832 0.383193 0.476510 0.386555 0.476510 0.386555 0.474832
0 0.527731 0.454698 0.526050 0.454698 0.519328 0.446309 0.522689 0.444631 0.522689 0.442953 0.521008 0.441275 0.515966 0.441275 0.512605 0.444631 0.510924 0.444631 0.509244 0.447987 0.507563 0.447987 0.505882 0.451342 0.505882 0.456376 0.504202 0.458054 0.500840 0.458054 0.497479 0.454698 0.490756 0.454698 0.487395 0.458054 0.485714 0.458054 0.484034 0.461409 0.477311 0.461409 0.475630 0.463087 0.475630 0.466443 0.482353 0.466443 0.485714 0.464765 0.487395 0.466443 0.485714 0.469799 0.485714 0.476510 0.490756 0.476510 0.492437 0.473154 0.499160 0.473154 0.497479 0.469799 0.499160 0.468121 0.502521 0.468121 0.502521 0.463087 0.500840 0.461409 0.502521 0.459732 0.515966 0.459732 0.517647 0.458054 0.522689 0.458054 0.524370 0.454698 0.527731 0.456376
0 0.717647 0.347315 0.712605 0.347315 0.710924 0.345638 0.709244 0.345638 0.709244 0.347315 0.707563 0.348993 0.700840 0.348993 0.700840 0.352349 0.702521 0.352349 0.704202 0.354027 0.707563 0.354027 0.707563 0.350671 0.709244 0.348993 0.717647 0.348993
0 0.321008 0.140940 0.321008 0.142617 0.324370 0.142617 0.324370 0.140940
0 0.331092 0.127517 0.331092 0.129195 0.332773 0.129195 0.334454 0.130872 0.334454 0.132550 0.336134 0.132550 0.336134 0.127517
0 0.576471 0.112416 0.576471 0.115772 0.578151 0.117450 0.579832 0.117450 0.579832 0.115772 0.578151 0.114094 0.578151 0.112416
0 0.569748 0.112416 0.569748 0.114094 0.573109 0.114094 0.573109 0.112416
0 0.815126 0.097315 0.811765 0.097315 0.811765 0.100671 0.813445 0.100671 0.815126 0.098993
0 0.816807 0.087248 0.816807 0.088926 0.818487 0.088926 0.820168 0.090604 0.818487 0.092282 0.820168 0.093960 0.826891 0.093960 0.828571 0.095638 0.831933 0.095638 0.831933 0.093960 0.828571 0.090604 0.826891 0.090604 0.825210 0.092282 0.823529 0.090604 0.820168 0.090604 0.818487 0.088926 0.818487 0.087248
0 0.919328 0.046980 0.919328 0.048658 0.921008 0.050336 0.921008 0.052013 0.922689 0.052013 0.922689 0.050336 0.921008 0.048658 0.921008 0.046980
0 0.583193 0.040268 0.583193 0.041946 0.586555 0.041946 0.586555 0.040268
0 0.956303 0.036913 0.952941 0.036913 0.951261 0.038591 0.949580 0.038591 0.949580 0.040268 0.954622 0.040268 0.956303 0.038591
0 0.919328 0.035235 0.919328 0.040268 0.924370 0.045302 0.926050 0.045302 0.927731 0.046980 0.927731 0.052013 0.929412 0.052013 0.932773 0.055369 0.937815 0.055369 0.941176 0.058725 0.941176 0.060403 0.942857 0.060403 0.944538 0.062081 0.946218 0.062081 0.946218 0.060403 0.949580 0.057047 0.949580 0.055369 0.946218 0.055369 0.944538 0.053691 0.937815 0.053691 0.934454 0.050336 0.932773 0.050336 0.931092 0.048658 0.931092 0.046980 0.932773 0.045302 0.932773 0.043624 0.931092 0.043624 0.929412 0.041946 0.927731 0.041946 0.924370 0.038591 0.924370 0.035235
0 0.655462 0.025168 0.655462 0.028523 0.662185 0.028523 0.662185 0.026846 0.660504 0.025168
0 0.917647 0.028523 0.919328 0.028523 0.921008 0.030201 0.926050 0.028523 0.927731 0.023490 0.936134 0.018456 0.937815 0.020134 0.937815 0.021812 0.936134 0.023490 0.936134 0.026846 0.934454 0.028523 0.934454 0.030201 0.946218 0.030201 0.946218 0.026846 0.947899 0.025168 0.961345 0.025168 0.963025 0.023490 0.964706 0.023490 0.964706 0.021812 0.963025 0.021812 0.961345 0.020134 0.956303 0.020134 0.954622 0.021812 0.952941 0.020134 0.951261 0.020134 0.949580 0.021812 0.941176 0.016779 0.927731 0.016779 0.926050 0.018456 0.921008 0.018456 0.921008 0.020134 0.922689 0.021812 0.922689 0.025168 0.924370 0.026846 0.922689 0.028523
0 0.635294 0.006711 0.630252 0.006711 0.628571 0.008389 0.628571 0.011745 0.631933 0.011745 0.635294 0.008389
0 0.665546 0.003356 0.665546 0.010067 0.667227 0.010067 0.668908 0.008389 0.670588 0.010067 0.672269 0.010067 0.672269 0.006711 0.670588 0.005034 0.670588 0.003356
0 0.673950 0.000000 0.673950 0.001678 0.675630 0.003356 0.675630 0.005034 0.678992 0.005034 0.680672 0.003356 0.680672 0.000000