0 0.503361 0.565436 0.028571 0.020134
0 0.515966 0.552013 0.006723 0.010067
0 0.489916 0.544463 0.005042 0.005034
0 0.533613 0.548658 0.025210 0.020134
0 0.484034 0.538591 0.006723 0.006711
0 0.538655 0.525168 0.005042 0.003356
0 0.468067 0.510067 0.005042 0.003356
0 0.457983 0.511745 0.008403 0.010067
0 0.477311 0.493289 0.006723 0.003356
0 0.454622 0.496644 0.018487 0.016779
0 0.467227 0.487416 0.006723 0.005034
0 0.474790 0.459732 0.005042 0.003356
0 0.464706 0.462248 0.011765 0.011745
0 0.556303 0.457215 0.006723 0.005034
0 0.518487 0.450503 0.005042 0.005034
0 0.478992 0.437919 0.013445 0.013423
0 0.426891 0.262584 0.013445 0.011745
0 0.449580 0.250839 0.018487 0.025168
0 0.449580 0.223993 0.011765 0.015101
0 0.415126 0.215604 0.006723 0.005034
0 0.368067 0.212248 0.010084 0.011745
0 0.374790 0.177013 0.060504 0.018456
0 0.425210 0.171980 0.023529 0.018456