0 0.457143 0.518456 0.455462 0.518456 0.453782 0.520134 0.452101 0.520134 0.452101 0.521812 0.453782 0.523490 0.455462 0.523490 0.457143 0.521812
0 0.532773 0.501678 0.534454 0.503356 0.534454 0.505034 0.536134 0.505034 0.536134 0.503356 0.534454 0.501678
0 0.502521 0.498322 0.502521 0.500000 0.507563 0.500000 0.507563 0.498322
0 0.541176 0.494966 0.541176 0.498322 0.542857 0.498322 0.542857 0.494966
0 0.510924 0.498322 0.514286 0.498322 0.515966 0.496644 0.517647 0.498322 0.517647 0.500000 0.519328 0.500000 0.521008 0.498322 0.522689 0.498322 0.522689 0.494966 0.515966 0.494966 0.515966 0.496644 0.514286 0.498322
0 0.472269 0.476510 0.473950 0.481544 0.468908 0.486577 0.463866 0.486577 0.448739 0.503356 0.460504 0.511745 0.467227 0.511745 0.467227 0.521812 0.475630 0.528523 0.477311 0.536913 0.487395 0.546980 0.494118 0.558725 0.492437 0.565436 0.495798 0.568792 0.499160 0.565436 0.505882 0.565436 0.502521 0.560403 0.522689 0.540268 0.527731 0.545302 0.539496 0.533557 0.537815 0.525168 0.534454 0.523490 0.537815 0.518456 0.531092 0.515101 0.532773 0.521812 0.527731 0.526846 0.522689 0.528523 0.522689 0.523490 0.517647 0.526846 0.492437 0.506711 0.490756 0.503356 0.495798 0.498322 0.487395 0.503356 0.482353 0.498322 0.484034 0.493289 0.475630 0.488255 0.477311 0.478188
0 0.536134 0.468121 0.534454 0.469799 0.534454 0.471477 0.536134 0.473154 0.537815 0.473154 0.539496 0.471477 0.539496 0.469799 0.537815 0.468121
0 0.472269 0.468121 0.470588 0.469799 0.472269 0.471477 0.473950 0.471477 0.473950 0.468121
0 0.522689 0.456376 0.522689 0.458054 0.524370 0.459732 0.526050 0.459732 0.526050 0.458054 0.524370 0.456376
0 0.510924 0.447987 0.510924 0.453020 0.509244 0.454698 0.507563 0.454698 0.504202 0.458054 0.504202 0.459732 0.507563 0.459732 0.507563 0.458054 0.509244 0.456376 0.510924 0.458054 0.514286 0.458054 0.515966 0.459732 0.515966 0.461409 0.519328 0.461409 0.519328 0.458054 0.517647 0.458054 0.514286 0.454698 0.514286 0.453020 0.515966 0.451342 0.517647 0.451342 0.517647 0.449664 0.514286 0.449664 0.512605 0.447987
0 0.526050 0.447987 0.526050 0.451342 0.529412 0.451342 0.531092 0.453020 0.537815 0.453020 0.539496 0.454698 0.542857 0.454698 0.546218 0.451342 0.547899 0.453020 0.547899 0.454698 0.551261 0.458054 0.552941 0.458054 0.554622 0.456376 0.556303 0.456376 0.559664 0.453020 0.561345 0.453020 0.561345 0.449664 0.563025 0.447987 0.563025 0.446309 0.561345 0.446309 0.559664 0.444631 0.552941 0.444631 0.551261 0.442953 0.549580 0.442953 0.546218 0.439597 0.546218 0.437919 0.539496 0.437919 0.537815 0.439597 0.532773 0.439597 0.532773 0.441275 0.534454 0.442953 0.529412 0.447987
0 0.510924 0.437919 0.510924 0.439597 0.514286 0.439597 0.514286 0.437919
0 0.499160 0.432886 0.497479 0.432886 0.494118 0.429530 0.494118 0.427852 0.492437 0.427852 0.484034 0.432886 0.480672 0.432886 0.477311 0.437919 0.473950 0.437919 0.473950 0.441275 0.472269 0.442953 0.470588 0.441275 0.468908 0.441275 0.465546 0.444631 0.463866 0.444631 0.463866 0.447987 0.468908 0.453020 0.468908 0.454698 0.470588 0.456376 0.478992 0.456376 0.480672 0.458054 0.482353 0.458054 0.484034 0.456376 0.485714 0.456376 0.485714 0.454698 0.484034 0.454698 0.480672 0.451342 0.480672 0.449664 0.478992 0.449664 0.477311 0.447987 0.477311 0.444631 0.478992 0.442953 0.480672 0.442953 0.480672 0.441275 0.482353 0.439597 0.487395 0.439597 0.487395 0.437919 0.489076 0.436242 0.490756 0.436242 0.492437 0.434564 0.499160 0.434564
0 0.089076 0.290268 0.089076 0.291946 0.092437 0.291946 0.092437 0.290268
0 0.453782 0.239933 0.452101 0.239933 0.450420 0.238255 0.443697 0.238255 0.443697 0.239933 0.445378 0.239933 0.447059 0.241611 0.445378 0.243289 0.438655 0.243289 0.438655 0.244966 0.440336 0.246644 0.440336 0.255034 0.438655 0.256711 0.436975 0.256711 0.435294 0.255034 0.431933 0.255034 0.430252 0.256711 0.428571 0.256711 0.425210 0.261745 0.425210 0.265101 0.428571 0.265101 0.430252 0.266779 0.433613 0.266779 0.435294 0.265101 0.436975 0.266779 0.438655 0.266779 0.440336 0.265101 0.445378 0.265101 0.447059 0.263423 0.447059 0.261745 0.448739 0.260067 0.448739 0.256711 0.450420 0.255034 0.450420 0.253356 0.448739 0.251678 0.448739 0.248322 0.450420 0.246644 0.450420 0.244966 0.452101 0.243289 0.453782 0.243289
0 0.438655 0.231544 0.438655 0.234899 0.442017 0.234899 0.442017 0.231544
0 0.398319 0.231544 0.398319 0.233221 0.396639 0.234899 0.391597 0.234899 0.389916 0.236577 0.389916 0.248322 0.391597 0.248322 0.393277 0.246644 0.398319 0.251678 0.400000 0.251678 0.400000 0.250000 0.401681 0.248322 0.403361 0.248322 0.403361 0.244966 0.401681 0.243289 0.400000 0.243289 0.398319 0.244966 0.396639 0.243289 0.396639 0.241611 0.394958 0.241611 0.393277 0.239933 0.394958 0.238255 0.396639 0.238255 0.398319 0.236577 0.398319 0.234899 0.400000 0.233221 0.400000 0.231544
0 0.388235 0.221477 0.384874 0.221477 0.384874 0.223154 0.383193 0.224832 0.381513 0.224832 0.379832 0.226510 0.378151 0.226510 0.376471 0.228188 0.376471 0.231544 0.379832 0.234899 0.386555 0.234899 0.386555 0.233221 0.384874 0.231544 0.386555 0.229866 0.386555 0.224832 0.388235 0.223154
0 0.440336 0.221477 0.440336 0.223154 0.442017 0.223154 0.443697 0.224832 0.443697 0.228188 0.448739 0.228188 0.450420 0.226510 0.450420 0.224832 0.448739 0.224832 0.447059 0.223154 0.447059 0.219799 0.445378 0.219799 0.443697 0.221477
0 0.418487 0.211409 0.416807 0.211409 0.415126 0.209732 0.413445 0.209732 0.410084 0.213087 0.410084 0.214765 0.411765 0.214765 0.413445 0.213087 0.418487 0.213087
0 0.364706 0.206376 0.364706 0.208054 0.366387 0.209732 0.366387 0.211409 0.368067 0.211409 0.371429 0.214765 0.371429 0.218121 0.373109 0.218121 0.374790 0.219799 0.374790 0.223154 0.378151 0.223154 0.378151 0.221477 0.379832 0.219799 0.379832 0.218121 0.376471 0.214765 0.376471 0.213087 0.374790 0.213087 0.373109 0.211409 0.371429 0.211409 0.369748 0.209732 0.369748 0.208054 0.368067 0.206376
0 0.420168 0.199664 0.418487 0.199664 0.415126 0.203020 0.418487 0.203020 0.420168 0.201342
0 0.435294 0.174497 0.421849 0.166107 0.418487 0.169463 0.415126 0.167785 0.413445 0.171141 0.398319 0.171141 0.398319 0.174497 0.401681 0.176174 0.398319 0.179530 0.393277 0.174497 0.388235 0.174497 0.384874 0.171141 0.383193 0.174497 0.379832 0.174497 0.378151 0.179530 0.369748 0.177852 0.354622 0.182886 0.349580 0.186242 0.349580 0.194631 0.354622 0.201342 0.359664 0.203020 0.361345 0.199664 0.363025 0.203020 0.366387 0.203020 0.361345 0.199664 0.364706 0.197987 0.363025 0.192953 0.371429 0.187919 0.378151 0.187919 0.381513 0.191275 0.378151 0.187919 0.384874 0.182886 0.388235 0.187919 0.393277 0.184564 0.396639 0.187919 0.394958 0.191275 0.400000 0.192953 0.400000 0.189597 0.405042 0.186242 0.400000 0.182886 0.410084 0.176174 0.416807 0.177852 0.421849 0.172819 0.425210 0.181208 0.430252 0.182886 0.435294 0.179530