0 0.502521 0.531879 0.502521 0.536913 0.505882 0.536913 0.505882 0.535235 0.504202 0.533557 0.504202 0.531879
0 0.447059 0.526846 0.447059 0.531879 0.448739 0.531879 0.448739 0.526846 0.450420 0.525168 0.452101 0.525168 0.453782 0.526846 0.453782 0.531879 0.457143 0.531879 0.457143 0.530201 0.455462 0.528523 0.455462 0.526846 0.457143 0.525168 0.457143 0.523490 0.450420 0.523490 0.450420 0.525168 0.448739 0.526846
0 0.544538 0.491611 0.544538 0.493289 0.551261 0.493289 0.551261 0.491611
0 0.484034 0.483221 0.484034 0.484899 0.485714 0.486577 0.485714 0.488255 0.487395 0.488255 0.489076 0.489933 0.489076 0.491611 0.490756 0.491611 0.490756 0.489933 0.489076 0.489933 0.487395 0.488255 0.487395 0.486577 0.489076 0.484899 0.489076 0.483221
0 0.468908 0.479866 0.473950 0.491611 0.468908 0.496644 0.463866 0.496644 0.475630 0.505034 0.473950 0.510067 0.478992 0.510067 0.477311 0.515101 0.480672 0.518456 0.470588 0.526846 0.462185 0.523490 0.460504 0.535235 0.475630 0.535235 0.477311 0.531879 0.478992 0.535235 0.482353 0.531879 0.484034 0.535235 0.487395 0.531879 0.492437 0.535235 0.494118 0.526846 0.490756 0.523490 0.494118 0.521812 0.499160 0.528523 0.502521 0.525168 0.504202 0.528523 0.509244 0.526846 0.512605 0.536913 0.514286 0.530201 0.517647 0.536913 0.536134 0.540268 0.537815 0.536913 0.542857 0.536913 0.542857 0.525168 0.536134 0.520134 0.537815 0.503356 0.529412 0.493289 0.517647 0.488255 0.521008 0.491611 0.517647 0.496644 0.497479 0.496644 0.489076 0.500000 0.485714 0.496644 0.489076 0.494966 0.477311 0.484899 0.478992 0.479866
0 0.475630 0.466443 0.473950 0.466443 0.473950 0.468121 0.472269 0.469799 0.472269 0.471477 0.470588 0.473154 0.467227 0.473154 0.468908 0.473154 0.470588 0.474832 0.475630 0.474832 0.475630 0.473154 0.473950 0.471477 0.473950 0.469799 0.475630 0.468121
0 0.504202 0.458054 0.504202 0.459732 0.507563 0.459732 0.512605 0.456376 0.514286 0.459732 0.510924 0.461409 0.510924 0.463087 0.514286 0.461409 0.526050 0.461409 0.529412 0.459732 0.531092 0.461409 0.531092 0.473154 0.532773 0.476510 0.547899 0.476510 0.549580 0.473154 0.549580 0.468121 0.546218 0.466443 0.549580 0.463087 0.554622 0.463087 0.554622 0.454698 0.552941 0.454698 0.547899 0.449664 0.547899 0.447987 0.544538 0.449664 0.529412 0.449664 0.526050 0.447987 0.522689 0.453020 0.521008 0.451342 0.517647 0.453020 0.509244 0.453020
0 0.510924 0.437919 0.510924 0.441275 0.515966 0.441275 0.515966 0.439597 0.514286 0.437919
0 0.505882 0.434564 0.504202 0.434564 0.502521 0.436242 0.500840 0.436242 0.500840 0.437919 0.504202 0.437919 0.505882 0.436242
0 0.499160 0.432886 0.497479 0.431208 0.490756 0.431208 0.487395 0.434564 0.482353 0.434564 0.478992 0.437919 0.477311 0.437919 0.477311 0.439597 0.475630 0.441275 0.475630 0.442953 0.473950 0.444631 0.470588 0.444631 0.470588 0.446309 0.472269 0.447987 0.472269 0.449664 0.470588 0.451342 0.470588 0.454698 0.478992 0.454698 0.480672 0.456376 0.484034 0.456376 0.485714 0.454698 0.487395 0.454698 0.487395 0.453020 0.482353 0.449664 0.482353 0.446309 0.484034 0.444631 0.484034 0.442953 0.485714 0.441275 0.487395 0.441275 0.487395 0.439597 0.489076 0.437919 0.490756 0.437919 0.492437 0.436242 0.494118 0.436242 0.497479 0.432886
0 0.455462 0.241611 0.450420 0.238255 0.447059 0.238255 0.447059 0.239933 0.448739 0.241611 0.445378 0.244966 0.438655 0.244966 0.436975 0.243289 0.436975 0.241611 0.435294 0.239933 0.433613 0.239933 0.435294 0.241611 0.431933 0.244966 0.430252 0.244966 0.430252 0.246644 0.428571 0.248322 0.426891 0.248322 0.423529 0.253356 0.421849 0.253356 0.420168 0.251678 0.421849 0.250000 0.421849 0.248322 0.420168 0.248322 0.418487 0.250000 0.418487 0.251678 0.420168 0.251678 0.421849 0.253356 0.421849 0.255034 0.423529 0.255034 0.423529 0.253356 0.428571 0.250000 0.430252 0.251678 0.431933 0.251678 0.433613 0.253356 0.431933 0.255034 0.430252 0.260067 0.435294 0.261745 0.442017 0.256711 0.443697 0.258389 0.447059 0.258389 0.448739 0.256711 0.448739 0.248322 0.447059 0.246644 0.448739 0.244966 0.453782 0.244966 0.455462 0.243289
0 0.438655 0.229866 0.440336 0.229866 0.442017 0.231544 0.440336 0.233221 0.436975 0.233221 0.436975 0.234899 0.438655 0.234899 0.440336 0.236577 0.442017 0.236577 0.442017 0.234899 0.443697 0.233221 0.443697 0.231544 0.442017 0.231544 0.440336 0.229866
0 0.442017 0.221477 0.440336 0.221477 0.438655 0.223154 0.436975 0.223154 0.435294 0.224832 0.435294 0.226510 0.440336 0.226510 0.440336 0.224832 0.442017 0.223154
0 0.368067 0.206376 0.368067 0.208054 0.371429 0.209732 0.369748 0.211409 0.364706 0.211409 0.364706 0.213087 0.373109 0.216443 0.374790 0.218121 0.373109 0.221477 0.374790 0.221477 0.376471 0.218121 0.378151 0.219799 0.378151 0.223154 0.374790 0.224832 0.384874 0.226510 0.386555 0.229866 0.389916 0.231544 0.389916 0.233221 0.393277 0.233221 0.394958 0.234899 0.391597 0.238255 0.391597 0.243289 0.400000 0.248322 0.401681 0.251678 0.403361 0.251678 0.405042 0.248322 0.405042 0.243289 0.403361 0.243289 0.401681 0.239933 0.406723 0.234899 0.408403 0.226510 0.405042 0.226510 0.401681 0.224832 0.400000 0.221477 0.394958 0.221477 0.393277 0.219799 0.389916 0.221477 0.388235 0.219799 0.383193 0.221477 0.381513 0.219799 0.383193 0.214765 0.379832 0.214765 0.378151 0.213087 0.379832 0.208054 0.376471 0.206376
0 0.413445 0.201342 0.413445 0.203020 0.420168 0.203020 0.420168 0.199664 0.415126 0.199664
0 0.436975 0.176174 0.426891 0.174497 0.425210 0.169463 0.421849 0.167785 0.413445 0.171141 0.410084 0.169463 0.403361 0.172819 0.398319 0.171141 0.400000 0.176174 0.396639 0.177852 0.394958 0.184564 0.389916 0.177852 0.379832 0.179530 0.374790 0.184564 0.361345 0.186242 0.354622 0.192953 0.363025 0.196309 0.366387 0.199664 0.364706 0.203020 0.368067 0.203020 0.366387 0.197987 0.371429 0.191275 0.373109 0.194631 0.376471 0.192953 0.383193 0.196309 0.386555 0.194631 0.388235 0.189597 0.389916 0.191275 0.393277 0.189597 0.396639 0.192953 0.400000 0.192953 0.398319 0.189597 0.403361 0.186242 0.403361 0.181208 0.410084 0.174497 0.415126 0.177852 0.420168 0.172819 0.426891 0.176174 0.425210 0.181208 0.428571 0.186242 0.431933 0.186242