0 0.989916 0.686242 0.988235 0.686242 0.983193 0.691275 0.983193 0.692953 0.981513 0.694631 0.979832 0.692953 0.978151 0.692953 0.978151 0.694631 0.981513 0.697987 0.981513 0.699664 0.984874 0.699664 0.984874 0.697987 0.986555 0.696309 0.989916 0.696309 0.989916 0.694631 0.986555 0.691275 0.988235 0.689597 0.989916 0.689597
0 0.998319 0.674497 0.993277 0.674497 0.991597 0.671141 0.988235 0.671141 0.984874 0.667785 0.979832 0.667785 0.973109 0.671141 0.971429 0.674497 0.966387 0.674497 0.966387 0.677852 0.964706 0.681208 0.959664 0.684564 0.956303 0.684564 0.956303 0.687919 0.957983 0.691275 0.961345 0.691275 0.963025 0.692953 0.966387 0.691275 0.969748 0.691275 0.971429 0.687919 0.968067 0.686242 0.969748 0.682886 0.968067 0.677852 0.969748 0.676174 0.973109 0.676174 0.976471 0.677852 0.976471 0.676174 0.981513 0.671141 0.984874 0.676174 0.988235 0.676174 0.991597 0.674497 0.993277 0.676174 0.989916 0.679530 0.988235 0.679530 0.988235 0.681208 0.991597 0.681208 0.993277 0.684564 0.998319 0.684564
0 0.484034 0.506711 0.484034 0.510067 0.482353 0.511745 0.480672 0.511745 0.480672 0.513423 0.482353 0.513423 0.482353 0.511745 0.484034 0.510067 0.487395 0.510067 0.489076 0.511745 0.494118 0.511745 0.495798 0.513423 0.494118 0.515101 0.494118 0.516779 0.492437 0.518456 0.492437 0.520134 0.494118 0.521812 0.494118 0.523490 0.500840 0.523490 0.500840 0.518456 0.499160 0.516779 0.500840 0.515101 0.500840 0.513423 0.495798 0.513423 0.494118 0.511745 0.495798 0.510067 0.499160 0.510067 0.499160 0.508389 0.494118 0.508389 0.492437 0.506711 0.492437 0.505034 0.489076 0.505034 0.487395 0.506711
0 0.514286 0.503356 0.514286 0.505034 0.515966 0.506711 0.515966 0.508389 0.517647 0.508389 0.517647 0.506711 0.515966 0.505034 0.515966 0.503356
0 0.473950 0.500000 0.473950 0.506711 0.472269 0.508389 0.472269 0.510067 0.477311 0.510067 0.477311 0.506711 0.475630 0.505034 0.475630 0.500000
0 0.529412 0.489933 0.526050 0.489933 0.526050 0.494966 0.522689 0.498322 0.522689 0.500000 0.524370 0.500000 0.527731 0.503356 0.529412 0.503356 0.531092 0.505034 0.531092 0.506711 0.529412 0.508389 0.527731 0.506711 0.524370 0.506711 0.524370 0.508389 0.521008 0.511745 0.519328 0.511745 0.517647 0.513423 0.512605 0.513423 0.512605 0.520134 0.514286 0.520134 0.519328 0.525168 0.526050 0.525168 0.526050 0.523490 0.524370 0.521812 0.526050 0.520134 0.527731 0.520134 0.531092 0.516779 0.531092 0.515101 0.527731 0.515101 0.526050 0.513423 0.529412 0.510067 0.534454 0.508389 0.534454 0.506711 0.536134 0.505034 0.536134 0.503356 0.534454 0.503356 0.532773 0.501678 0.532773 0.500000 0.534454 0.498322 0.536134 0.498322 0.536134 0.494966 0.534454 0.494966 0.532773 0.493289 0.532773 0.491611 0.531092 0.491611
0 0.374790 0.488255 0.373109 0.489933 0.373109 0.491611 0.374790 0.493289 0.378151 0.493289 0.378151 0.491611 0.376471 0.489933 0.376471 0.488255
0 0.521008 0.479866 0.521008 0.481544 0.522689 0.483221 0.522689 0.484899 0.524370 0.484899 0.524370 0.483221 0.526050 0.481544 0.526050 0.479866
0 0.475630 0.476510 0.473950 0.476510 0.472269 0.478188 0.470588 0.478188 0.468908 0.476510 0.467227 0.476510 0.467227 0.479866 0.468908 0.481544 0.467227 0.483221 0.465546 0.483221 0.465546 0.484899 0.467227 0.486577 0.463866 0.489933 0.463866 0.491611 0.462185 0.493289 0.462185 0.496644 0.463866 0.496644 0.465546 0.498322 0.467227 0.498322 0.468908 0.496644 0.468908 0.494966 0.470588 0.493289 0.470588 0.491611 0.468908 0.489933 0.470588 0.488255 0.470588 0.484899 0.472269 0.483221 0.473950 0.483221 0.473950 0.481544 0.475630 0.479866
0 0.379832 0.476510 0.379832 0.478188 0.384874 0.478188 0.384874 0.476510
0 0.477311 0.464765 0.477311 0.466443 0.482353 0.466443 0.482353 0.464765
0 0.519328 0.463087 0.512605 0.463087 0.512605 0.466443 0.509244 0.469799 0.504202 0.469799 0.502521 0.471477 0.500840 0.471477 0.500840 0.473154 0.502521 0.474832 0.505882 0.474832 0.507563 0.473154 0.509244 0.474832 0.514286 0.474832 0.514286 0.473154 0.512605 0.471477 0.512605 0.469799 0.514286 0.468121 0.515966 0.468121 0.515966 0.466443 0.517647 0.464765 0.519328 0.464765
0 0.252101 0.199664 0.248739 0.199664 0.248739 0.203020 0.250420 0.203020 0.252101 0.201342
0 0.922689 0.035235 0.924370 0.036913 0.924370 0.040268 0.926050 0.041946 0.936134 0.041946 0.937815 0.043624 0.937815 0.045302 0.939496 0.045302 0.939496 0.043624 0.941176 0.041946 0.942857 0.041946 0.942857 0.040268 0.941176 0.038591 0.941176 0.035235 0.937815 0.035235 0.936134 0.033557 0.936134 0.031879 0.934454 0.030201 0.932773 0.030201 0.931092 0.031879 0.931092 0.033557 0.934454 0.033557 0.936134 0.035235 0.934454 0.036913 0.926050 0.036913 0.924370 0.035235
0 0.919328 0.028523 0.919328 0.030201 0.921008 0.031879 0.924370 0.031879 0.926050 0.030201 0.922689 0.030201 0.921008 0.028523
0 0.667227 0.008389 0.668908 0.008389 0.672269 0.005034 0.673950 0.005034 0.667227 0.005034