0 0.944538 0.689597 0.944538 0.691275 0.947899 0.691275 0.949580 0.692953 0.951261 0.692953 0.952941 0.691275 0.954622 0.691275 0.954622 0.689597 0.951261 0.689597 0.949580 0.691275 0.947899 0.689597
0 0.497479 0.520134 0.497479 0.521812 0.499160 0.523490 0.499160 0.528523 0.507563 0.528523 0.507563 0.525168 0.505882 0.523490 0.505882 0.521812 0.504202 0.521812 0.502521 0.520134
0 0.492437 0.515101 0.487395 0.515101 0.485714 0.516779 0.485714 0.518456 0.487395 0.518456 0.489076 0.520134 0.485714 0.523490 0.482353 0.523490 0.480672 0.521812 0.480672 0.520134 0.472269 0.520134 0.472269 0.521812 0.473950 0.523490 0.473950 0.525168 0.472269 0.526846 0.472269 0.528523 0.475630 0.528523 0.475630 0.526846 0.477311 0.525168 0.478992 0.525168 0.480672 0.526846 0.485714 0.526846 0.485714 0.525168 0.487395 0.523490 0.489076 0.523490 0.489076 0.521812 0.490756 0.520134 0.490756 0.518456 0.492437 0.516779
0 0.381513 0.491611 0.381513 0.494966 0.383193 0.494966 0.384874 0.493289 0.388235 0.493289 0.384874 0.493289 0.383193 0.491611
0 0.495798 0.469799 0.495798 0.473154 0.500840 0.473154 0.500840 0.471477 0.499160 0.469799
0 0.509244 0.453020 0.507563 0.453020 0.505882 0.451342 0.500840 0.451342 0.495798 0.456376 0.494118 0.456376 0.494118 0.459732 0.495798 0.459732 0.499160 0.463087 0.500840 0.463087 0.502521 0.461409 0.502521 0.459732 0.504202 0.458054 0.509244 0.458054
0 0.521008 0.447987 0.521008 0.451342 0.522689 0.451342 0.524370 0.453020 0.529412 0.453020 0.529412 0.449664 0.527731 0.447987
0 0.704202 0.348993 0.704202 0.350671 0.705882 0.350671 0.707563 0.352349 0.709244 0.352349 0.709244 0.350671 0.710924 0.348993 0.710924 0.347315 0.707563 0.347315 0.705882 0.348993
0 0.579832 0.114094 0.576471 0.114094 0.576471 0.117450 0.578151 0.117450 0.579832 0.115772
0 0.934454 0.053691 0.934454 0.055369 0.936134 0.055369 0.937815 0.057047 0.939496 0.057047 0.941176 0.055369 0.942857 0.055369 0.942857 0.053691
0 0.922689 0.036913 0.921008 0.038591 0.921008 0.040268 0.926050 0.040268 0.927731 0.041946 0.926050 0.043624 0.926050 0.048658 0.927731 0.050336 0.934454 0.050336 0.934454 0.045302 0.932773 0.043624 0.932773 0.041946 0.927731 0.041946 0.926050 0.040268 0.926050 0.038591 0.924370 0.036913
0 0.941176 0.016779 0.932773 0.016779 0.931092 0.018456 0.927731 0.018456 0.922689 0.023490 0.921008 0.023490 0.921008 0.030201 0.922689 0.030201 0.922689 0.028523 0.924370 0.026846 0.927731 0.026846 0.929412 0.028523 0.931092 0.028523 0.932773 0.030201 0.932773 0.031879 0.939496 0.031879 0.942857 0.028523 0.942857 0.020134 0.941176 0.018456
0 0.665546 0.006711 0.665546 0.008389 0.668908 0.008389 0.668908 0.006711