0 0.546218 0.483221 0.546218 0.486577 0.547899 0.486577 0.549580 0.488255 0.554622 0.488255 0.556303 0.486577 0.556303 0.484899 0.552941 0.484899 0.551261 0.486577 0.549580 0.486577 0.547899 0.484899 0.547899 0.483221
0 0.475630 0.471477 0.475630 0.474832 0.473950 0.476510 0.473950 0.484899 0.478992 0.491611 0.477311 0.496644 0.478992 0.496644 0.485714 0.501678 0.492437 0.501678 0.494118 0.500000 0.502521 0.500000 0.504202 0.501678 0.507563 0.501678 0.517647 0.496644 0.524370 0.496644 0.526050 0.494966 0.529412 0.494966 0.527731 0.491611 0.522689 0.493289 0.521008 0.489933 0.519328 0.489933 0.519328 0.491611 0.517647 0.493289 0.514286 0.493289 0.510924 0.498322 0.509244 0.496644 0.505882 0.496644 0.504202 0.493289 0.497479 0.491611 0.495798 0.489933 0.495798 0.486577 0.492437 0.483221 0.492437 0.479866 0.489076 0.479866 0.484034 0.476510 0.480672 0.476510 0.478992 0.474832 0.478992 0.471477
0 0.473950 0.463087 0.473950 0.464765 0.472269 0.466443 0.472269 0.468121 0.473950 0.468121 0.475630 0.466443 0.477311 0.468121 0.478992 0.468121 0.478992 0.464765 0.477311 0.464765 0.475630 0.463087
0 0.502521 0.453020 0.502521 0.458054 0.500840 0.459732 0.500840 0.461409 0.504202 0.461409 0.505882 0.463087 0.515966 0.463087 0.517647 0.464765 0.517647 0.466443 0.519328 0.466443 0.522689 0.461409 0.529412 0.468121 0.527731 0.469799 0.527731 0.473154 0.531092 0.473154 0.539496 0.481544 0.541176 0.481544 0.539496 0.476510 0.537815 0.476510 0.534454 0.471477 0.536134 0.469799 0.536134 0.468121 0.534454 0.466443 0.534454 0.463087 0.532773 0.461409 0.532773 0.453020 0.531092 0.451342 0.531092 0.449664 0.522689 0.449664 0.521008 0.451342 0.517647 0.451342 0.514286 0.447987 0.512605 0.447987 0.509244 0.451342 0.507563 0.451342 0.505882 0.453020
0 0.514286 0.439597 0.509244 0.437919 0.507563 0.436242 0.507563 0.434564 0.500840 0.434564 0.499160 0.432886 0.497479 0.432886 0.495798 0.434564 0.494118 0.432886 0.492437 0.432886 0.492437 0.434564 0.489076 0.439597 0.487395 0.439597 0.485714 0.441275 0.482353 0.441275 0.482353 0.444631 0.478992 0.449664 0.480672 0.449664 0.482353 0.451342 0.482353 0.453020 0.484034 0.453020 0.485714 0.454698 0.484034 0.456376 0.484034 0.459732 0.490756 0.459732 0.494118 0.456376 0.494118 0.453020 0.492437 0.451342 0.492437 0.447987 0.490756 0.446309 0.492437 0.444631 0.489076 0.441275 0.489076 0.439597 0.490756 0.437919 0.494118 0.437919 0.494118 0.436242 0.495798 0.434564 0.497479 0.436242 0.497479 0.437919 0.507563 0.437919 0.509244 0.439597 0.509244 0.441275 0.514286 0.441275
0 0.420168 0.250000 0.420168 0.251678 0.423529 0.251678 0.423529 0.250000
0 0.403361 0.248322 0.403361 0.250000 0.406723 0.250000 0.406723 0.248322
0 0.448739 0.239933 0.443697 0.239933 0.442017 0.241611 0.436975 0.241611 0.436975 0.244966 0.440336 0.248322 0.438655 0.250000 0.436975 0.250000 0.435294 0.251678 0.433613 0.251678 0.431933 0.253356 0.430252 0.253356 0.428571 0.255034 0.426891 0.255034 0.426891 0.256711 0.430252 0.256711 0.431933 0.258389 0.443697 0.258389 0.443697 0.256711 0.445378 0.255034 0.445378 0.253356 0.443697 0.253356 0.442017 0.251678 0.443697 0.250000 0.443697 0.248322 0.442017 0.246644 0.443697 0.244966 0.448739 0.244966
0 0.400000 0.238255 0.400000 0.241611 0.401681 0.243289 0.401681 0.244966 0.405042 0.244966 0.406723 0.243289 0.406723 0.241611 0.405042 0.239933 0.403361 0.239933 0.401681 0.238255
0 0.436975 0.226510 0.436975 0.228188 0.445378 0.228188 0.445378 0.226510 0.443697 0.224832 0.438655 0.224832
0 0.406723 0.211409 0.406723 0.214765 0.408403 0.214765 0.410084 0.216443 0.411765 0.216443 0.411765 0.214765 0.413445 0.213087 0.421849 0.213087 0.421849 0.211409 0.420168 0.209732 0.418487 0.209732 0.416807 0.208054 0.416807 0.206376 0.415126 0.206376 0.415126 0.208054 0.413445 0.209732 0.411765 0.208054 0.411765 0.206376 0.410084 0.206376 0.410084 0.208054 0.411765 0.209732 0.411765 0.211409 0.410084 0.213087 0.408403 0.211409
0 0.416807 0.197987 0.416807 0.199664 0.418487 0.201342 0.423529 0.201342 0.425210 0.199664 0.425210 0.197987 0.423529 0.197987 0.421849 0.196309 0.420168 0.196309 0.418487 0.197987
0 0.426891 0.171141 0.415126 0.171141 0.408403 0.174497 0.406723 0.171141 0.403361 0.171141 0.403361 0.177852 0.398319 0.179530 0.400000 0.182886 0.396639 0.186242 0.388235 0.184564 0.388235 0.187919 0.383193 0.191275 0.373109 0.187919 0.371429 0.194631 0.366387 0.197987 0.364706 0.203020 0.368067 0.206376 0.378151 0.208054 0.376471 0.211409 0.381513 0.214765 0.381513 0.223154 0.391597 0.219799 0.398319 0.226510 0.403361 0.224832 0.403361 0.219799 0.396639 0.221477 0.394958 0.218121 0.388235 0.216443 0.373109 0.196309 0.376471 0.194631 0.383193 0.199664 0.391597 0.197987 0.389916 0.194631 0.406723 0.186242 0.406723 0.181208 0.411765 0.177852 0.415126 0.177852 0.420168 0.182886 0.425210 0.181208 0.426891 0.182886 0.421849 0.187919 0.425210 0.191275 0.428571 0.186242 0.431933 0.186242 0.431933 0.177852 0.426891 0.174497