0 0.692437 0.781040 0.006723 0.005034
0 0.951261 0.692114 0.010084 0.008389
0 0.663866 0.633389 0.006723 0.005034
0 0.474790 0.536913 0.021849 0.010067
0 0.506723 0.527685 0.015126 0.008389
0 0.482353 0.522651 0.023529 0.018456
0 0.511765 0.503356 0.005042 0.003356
0 0.375630 0.494966 0.005042 0.003356
0 0.384034 0.492450 0.008403 0.008389
0 0.508403 0.460570 0.048739 0.038591
0 0.709244 0.348993 0.016807 0.006711
0 0.328571 0.140940 0.008403 0.006711
0 0.333613 0.130872 0.008403 0.006711
0 0.579832 0.116611 0.006723 0.005034
0 0.812605 0.098993 0.005042 0.003356
0 0.822689 0.093121 0.018487 0.008389
0 0.946218 0.048658 0.006723 0.003356
0 0.952101 0.040268 0.008403 0.003356
0 0.931933 0.048658 0.025210 0.020134
0 0.919328 0.029362 0.003361 0.005034
0 0.941176 0.024329 0.040336 0.018456
0 0.630252 0.008389 0.010084 0.006711
0 0.668067 0.007550 0.005042 0.008389
0 0.675630 0.002517 0.006723 0.005034