0 0.515966 0.503356 0.016807 0.010067
0 0.505042 0.500839 0.005042 0.005034
0 0.493277 0.519295 0.092437 0.085570
0 0.536975 0.471477 0.008403 0.006711
0 0.472269 0.471477 0.006723 0.006711
0 0.515966 0.458054 0.023529 0.010067
0 0.542857 0.452181 0.033613 0.018456
0 0.513445 0.439597 0.005042 0.006711
0 0.488235 0.443792 0.038655 0.028523
0 0.427731 0.266779 0.005042 0.003356
0 0.442857 0.251678 0.028571 0.030201
0 0.441176 0.234899 0.005042 0.003356
0 0.416807 0.212248 0.006723 0.005034
0 0.385714 0.229866 0.042017 0.046980
0 0.417647 0.203020 0.008403 0.010067
0 0.342857 0.192114 0.010084 0.008389
0 0.429412 0.187081 0.005042 0.005034
0 0.394118 0.186242 0.085714 0.036913