0 0.972269 0.697987 0.005042 0.003356
0 0.992437 0.692953 0.015126 0.010067
0 0.957983 0.691275 0.006723 0.006711
0 0.963025 0.681208 0.010084 0.010067
0 0.974790 0.676174 0.006723 0.003356
0 0.977311 0.671141 0.005042 0.003356
0 0.992437 0.674497 0.015126 0.013423
0 0.488235 0.533557 0.018487 0.010067
0 0.525210 0.513423 0.005042 0.003356
0 0.480672 0.513423 0.006723 0.003356
0 0.503361 0.517617 0.035294 0.025168
0 0.530252 0.501678 0.005042 0.003356
0 0.542017 0.496644 0.025210 0.013423
0 0.509244 0.468121 0.010084 0.013423
0 0.328571 0.140101 0.005042 0.005034
0 0.334454 0.132550 0.006723 0.003356
0 0.589076 0.120805 0.005042 0.003356
0 0.831092 0.119966 0.005042 0.005034
0 0.284874 0.109899 0.005042 0.005034
0 0.811765 0.093960 0.010084 0.006711
0 0.936975 0.044463 0.028571 0.015101
0 0.927731 0.029362 0.016807 0.008389
0 0.669748 0.008389 0.005042 0.006711