0 0.781513 0.978188 0.781513 0.979866 0.783193 0.981544 0.784874 0.981544 0.786555 0.983221 0.786555 0.984899 0.791597 0.984899 0.791597 0.983221 0.789916 0.981544 0.786555 0.981544 0.784874 0.979866 0.784874 0.978188
0 0.808403 0.956376 0.806723 0.956376 0.806723 0.958054 0.805042 0.959732 0.805042 0.963087 0.803361 0.964765 0.801681 0.963087 0.800000 0.963087 0.800000 0.964765 0.796639 0.968121 0.796639 0.969799 0.794958 0.971477 0.794958 0.973154 0.803361 0.973154 0.805042 0.974832 0.805042 0.976510 0.803361 0.978188 0.801681 0.978188 0.801681 0.979866 0.808403 0.979866 0.810084 0.978188 0.810084 0.974832 0.805042 0.974832 0.803361 0.973154 0.803361 0.971477 0.805042 0.969799 0.805042 0.966443 0.806723 0.964765 0.808403 0.964765 0.810084 0.966443 0.808403 0.968121 0.808403 0.969799 0.810084 0.971477 0.815126 0.971477 0.815126 0.966443 0.813445 0.964765 0.811765 0.964765 0.810084 0.966443 0.808403 0.964765
0 0.803361 0.951342 0.801681 0.951342 0.800000 0.953020 0.800000 0.954698 0.801681 0.954698 0.803361 0.953020
0 0.151261 0.939597 0.151261 0.941275 0.154622 0.941275 0.154622 0.939597
0 0.310924 0.640940 0.310924 0.647651 0.312605 0.649329 0.315966 0.649329 0.319328 0.645973 0.319328 0.644295 0.317647 0.642617 0.317647 0.640940 0.315966 0.640940 0.315966 0.642617 0.314286 0.644295 0.312605 0.642617 0.312605 0.640940
0 0.305882 0.640940 0.304202 0.642617 0.304202 0.644295 0.305882 0.645973 0.307563 0.645973 0.307563 0.640940
0 0.092437 0.568792 0.092437 0.570470 0.095798 0.573826 0.095798 0.575503 0.099160 0.578859 0.100840 0.578859 0.102521 0.577181 0.105882 0.577181 0.107563 0.575503 0.107563 0.570470 0.104202 0.570470 0.102521 0.568792
0 0.949580 0.399329 0.949580 0.401007 0.951261 0.402685 0.951261 0.404362 0.961345 0.404362 0.961345 0.402685 0.963025 0.401007 0.963025 0.399329 0.956303 0.399329 0.956303 0.401007 0.954622 0.402685 0.952941 0.401007 0.952941 0.399329
0 0.751261 0.221477 0.751261 0.223154 0.752941 0.224832 0.752941 0.226510 0.759664 0.226510 0.759664 0.224832 0.757983 0.223154 0.756303 0.223154 0.754622 0.221477
0 0.715966 0.189597 0.719328 0.189597 0.721008 0.187919 0.715966 0.187919
0 0.726050 0.075503 0.726050 0.078859 0.727731 0.080537 0.729412 0.080537 0.731092 0.078859 0.732773 0.078859 0.732773 0.077181 0.731092 0.075503
0 0.736134 0.008389 0.736134 0.011745 0.737815 0.011745 0.739496 0.010067 0.741176 0.011745 0.744538 0.011745 0.744538 0.010067 0.741176 0.010067 0.739496 0.008389